island	trna	cds	integrase	dist_to_integrase
0	0	2	0	1000000000
0	0	1	2	3639
0	0	2	2	377891
0	0	2	3	89444
0	0	1	1	72712
0	0	2	0	1000000000
0	0	2	0	1000000000
0	0	2	0	1000000000
0	0	1	1	227325
0	0	2	0	1000000000
0	0	2	1	24335
0	0	1	0	1000000000
0	0	1	1	25580
0	0	2	0	1000000000
0	0	2	0	1000000000
0	0	1	0	1000000000
0	0	1	0	1000000000
0	0	1	0	1000000000
0	0	2	2	25964
0	0	2	0	1000000000
0	0	2	0	1000000000
0	0	2	0	1000000000
0	0	2	2	229190
0	0	1	0	1000000000
0	0	1	0	1000000000
0	0	1	2	74219
0	0	2	0	1000000000
0	0	2	1	51037
0	0	2	1	313405
0	0	2	0	1000000000
0	0	2	0	1000000000
0	0	2	0	1000000000
0	0	1	0	1000000000
0	0	2	8	11909
0	0	2	1	138238
0	0	2	0	1000000000
0	0	2	0	1000000000
0	0	2	1	16884
0	0	2	0	1000000000
0	0	0	0	1000000000
0	0	1	4	13888
0	0	2	0	1000000000
0	0	2	0	1000000000
0	0	2	1	332442
0	0	2	0	1000000000
0	0	2	0	1000000000
0	0	2	3	54728
0	0	2	11	12427
0	0	1	2	38735
0	0	2	0	1000000000
0	0	2	0	1000000000
0	0	2	0	1000000000
0	0	2	1	219640
0	0	1	0	1000000000
0	0	0	0	1000000000
0	0	2	0	1000000000
0	0	2	0	1000000000
0	0	1	3	210358
0	0	2	0	1000000000
0	0	1	0	1000000000
0	0	2	0	1000000000
0	0	2	0	1000000000
0	0	1	1	5413
0	0	2	0	1000000000
0	0	2	0	1000000000
0	0	2	0	1000000000
0	0	2	0	1000000000
0	0	2	0	1000000000
0	0	1	0	1000000000
0	0	2	1	41318
0	0	2	0	1000000000
0	0	2	0	1000000000
0	0	2	0	1000000000
0	0	2	2	220029
0	0	2	0	1000000000
0	0	1	0	1000000000
0	0	1	1	28518
0	0	2	3	22099
0	0	1	0	1000000000
0	0	2	1	761
0	0	2	1	90616
0	0	2	2	2887
0	0	2	0	1000000000
0	0	2	1	85476
0	0	2	6	189040
0	0	1	0	1000000000
0	0	1	0	1000000000
0	0	2	0	1000000000
0	0	2	0	1000000000
0	0	2	0	1000000000
0	0	2	0	1000000000
0	0	2	4	208010
0	0	2	0	1000000000
0	0	2	0	1000000000
0	0	1	0	1000000000
0	0	1	0	1000000000
0	0	2	0	1000000000
0	0	2	0	1000000000
0	0	2	0	1000000000
0	0	1	1	660
0	0	2	1	34614
0	0	1	3	128567
0	0	2	0	1000000000
0	0	2	4	236048
0	0	2	7	184410
0	0	2	0	1000000000
0	0	2	1	160254
0	0	2	0	1000000000
0	0	2	6	89027
0	0	2	0	1000000000
0	0	2	0	1000000000
0	0	2	0	1000000000
0	0	2	7	14186
0	0	2	0	1000000000
0	0	2	1	151249
0	0	2	5	131130
0	0	2	5	861163
0	0	2	2	89107
0	0	1	0	1000000000
0	0	2	3	50266
0	0	1	0	1000000000
0	0	2	1	13011
0	0	2	1	6332
0	0	1	3	52877
0	0	2	5	401082
0	0	2	0	1000000000
0	0	2	2	33111
0	0	2	0	1000000000
0	0	2	0	1000000000
0	0	2	1	165374
0	0	1	0	1000000000
0	0	2	0	1000000000
0	0	2	2	24353
0	0	1	0	1000000000
0	0	2	0	1000000000
0	0	2	0	1000000000
0	0	1	3	163576
0	1	1	0	1000000000
0	0	2	0	1000000000
0	0	0	0	1000000000
0	0	2	0	1000000000
0	0	2	0	1000000000
0	0	2	0	1000000000
0	0	2	0	1000000000
0	0	2	0	1000000000
0	0	1	0	1000000000
0	0	2	0	1000000000
0	0	1	2	21932
0	0	2	0	1000000000
0	0	2	7	12754
0	0	1	2	136703
0	0	2	1	3661
0	0	1	0	1000000000
0	0	2	0	1000000000
0	0	2	0	1000000000
0	0	0	2	169098
0	0	2	0	1000000000
0	0	2	0	1000000000
0	0	2	1	95696
0	0	1	0	1000000000
0	0	2	0	1000000000
0	0	2	0	1000000000
0	0	2	7	82372
0	0	2	0	1000000000
0	0	2	0	1000000000
0	0	2	0	1000000000
0	0	2	0	1000000000
0	0	1	1	68868
0	0	2	0	1000000000
0	0	2	0	1000000000
0	0	1	4	33779
0	0	2	2	383594
0	0	2	0	1000000000
0	0	2	0	1000000000
0	0	2	0	1000000000
0	0	2	0	1000000000
0	0	2	1	101851
0	0	2	0	1000000000
0	0	2	0	1000000000
0	0	0	1	317
0	0	2	4	21796
0	0	1	0	1000000000
0	0	2	0	1000000000
0	0	2	3	76650
0	0	2	1	23393
0	0	2	1	355992
0	0	0	0	1000000000
0	0	1	0	1000000000
0	0	2	0	1000000000
0	0	1	0	1000000000
0	0	2	0	1000000000
0	0	1	0	1000000000
0	0	2	0	1000000000
0	0	2	1	114938
0	0	2	0	1000000000
0	0	2	0	1000000000
0	0	1	0	1000000000
0	0	2	1	166141
0	0	3	0	1000000000
0	0	2	4	101611
0	0	2	0	1000000000
0	0	2	0	1000000000
0	0	2	0	1000000000
0	0	2	0	1000000000
0	0	2	0	1000000000
0	0	2	1	228050
0	0	2	2	8736
0	0	2	0	1000000000
0	0	2	0	1000000000
0	0	2	0	1000000000
0	0	2	0	1000000000
0	0	2	0	1000000000
0	0	2	0	1000000000
0	0	1	2	222897
0	0	2	0	1000000000
0	0	1	0	1000000000
0	0	2	0	1000000000
0	0	2	0	1000000000
0	0	2	0	1000000000
0	0	1	0	1000000000
0	0	2	0	1000000000
0	0	1	1	7338
0	0	1	1	251836
0	0	2	1	39209
0	0	2	0	1000000000
0	0	2	12	1872
0	0	2	0	1000000000
0	0	2	0	1000000000
0	0	2	3	247854
0	0	2	0	1000000000
0	0	1	1	151889
0	0	2	0	1000000000
0	0	1	0	1000000000
0	0	2	0	1000000000
0	0	2	3	69689
0	0	2	0	1000000000
0	0	2	0	1000000000
0	0	2	2	86104
0	0	2	3	274857
0	0	1	1	104645
0	0	1	1	28983
0	0	2	1	21453
0	0	2	0	1000000000
0	0	2	2	26936
0	0	2	0	1000000000
0	0	2	0	1000000000
0	0	2	7	203852
0	0	2	1	19149
0	0	2	1	275840
0	0	2	0	1000000000
0	0	2	0	1000000000
0	0	2	2	180105
0	0	1	0	1000000000
0	0	2	0	1000000000
0	0	2	0	1000000000
0	0	2	0	1000000000
0	0	1	0	1000000000
0	0	2	0	1000000000
0	0	2	0	1000000000
0	0	2	0	1000000000
0	0	2	1	8573
0	0	2	1	16284
0	0	1	0	1000000000
0	0	2	0	1000000000
0	0	2	0	1000000000
0	0	2	0	1000000000
0	0	1	10	48727
0	0	1	1	132465
0	0	2	0	1000000000
0	0	2	4	43290
0	0	2	0	1000000000
0	0	1	0	1000000000
0	0	2	0	1000000000
0	0	2	0	1000000000
0	0	1	0	1000000000
0	0	2	0	1000000000
0	0	2	0	1000000000
0	0	2	1	5763
0	0	1	2	150800
0	0	2	0	1000000000
0	0	2	2	78153
0	0	2	2	62817
0	0	2	0	1000000000
0	0	2	0	1000000000
0	0	2	7	178309
0	0	2	0	1000000000
0	0	2	0	1000000000
0	0	2	0	1000000000
0	0	2	0	1000000000
0	0	1	3	26962
0	0	2	2	22675
0	0	2	11	43094
0	0	2	8	21479
0	0	2	1	23136
0	0	2	0	1000000000
0	0	2	0	1000000000
0	0	2	1	179674
0	0	2	0	1000000000
0	0	1	1	135192
0	0	2	0	1000000000
0	0	2	0	1000000000
0	0	2	0	1000000000
0	0	2	1	185633
0	0	2	0	1000000000
0	0	2	0	1000000000
0	0	2	2	37005
0	0	2	0	1000000000
0	0	0	0	1000000000
0	0	2	0	1000000000
0	0	2	0	1000000000
0	0	1	0	1000000000
0	0	2	0	1000000000
0	1	1	0	1000000000
0	0	2	0	1000000000
0	0	2	1	15963
0	0	2	0	1000000000
0	0	2	0	1000000000
0	0	2	2	167988
0	0	2	0	1000000000
0	0	1	1	118142
0	0	2	0	1000000000
0	0	2	2	135681
0	0	2	0	1000000000
0	0	2	1	13433
0	0	2	0	1000000000
0	0	2	0	1000000000
0	0	1	0	1000000000
0	0	2	2	79556
0	0	2	3	107676
0	0	2	0	1000000000
0	0	2	0	1000000000
0	0	2	0	1000000000
0	0	0	0	1000000000
0	0	2	0	1000000000
0	0	2	0	1000000000
0	0	2	4	156245
0	0	1	0	1000000000
0	0	2	0	1000000000
0	0	1	0	1000000000
0	0	2	0	1000000000
0	0	2	0	1000000000
0	0	2	0	1000000000
0	0	2	0	1000000000
0	0	2	0	1000000000
0	0	1	0	1000000000
0	0	1	0	1000000000
0	0	2	0	1000000000
0	0	2	0	1000000000
0	0	2	6	50568
0	0	2	1	23592
0	0	2	0	1000000000
0	0	2	0	1000000000
0	0	2	1	110248
0	0	1	0	1000000000
0	0	2	0	1000000000
0	0	2	2	416011
0	0	2	3	39358
0	0	2	0	1000000000
0	0	2	2	108689
0	0	3	2	138999
0	0	2	3	193437
0	0	2	1	193277
0	0	2	1	13550
0	0	2	0	1000000000
0	0	1	0	1000000000
0	0	1	0	1000000000
0	0	2	2	14197
0	0	0	3	57053
0	0	2	7	129111
0	0	2	1	114481
0	0	2	0	1000000000
0	0	2	0	1000000000
0	0	2	2	52195
0	0	2	2	105253
0	0	2	0	1000000000
0	0	1	0	1000000000
0	0	2	0	1000000000
0	0	2	0	1000000000
0	0	1	2	8811
0	0	2	0	1000000000
0	0	2	0	1000000000
0	0	2	0	1000000000
0	0	2	0	1000000000
0	0	1	0	1000000000
0	0	2	0	1000000000
0	0	2	0	1000000000
0	0	2	0	1000000000
0	0	2	0	1000000000
0	0	1	0	1000000000
0	0	2	1	30725
0	0	2	1	14928
0	0	2	2	55592
0	0	0	1	74218
0	0	2	7	103797
0	0	2	1	182048
0	0	2	2	21640
0	0	2	0	1000000000
0	0	2	0	1000000000
0	0	2	0	1000000000
0	0	1	1	2037
0	0	2	2	18926
0	0	2	0	1000000000
0	0	2	0	1000000000
0	0	2	1	19457
0	0	2	0	1000000000
0	0	1	3	27992
0	0	0	7	249620
0	0	2	0	1000000000
0	0	2	2	458123
0	0	2	0	1000000000
0	0	1	0	1000000000
0	0	2	3	44999
0	0	1	0	1000000000
0	0	2	3	28520
0	0	2	2	83143
0	0	2	0	1000000000
0	0	2	0	1000000000
0	0	2	0	1000000000
0	0	1	1	7460
0	0	1	1	64436
0	0	1	1	102535
0	0	2	0	1000000000
0	0	1	0	1000000000
0	0	2	1	191166
0	0	2	4	305406
0	0	2	0	1000000000
0	0	2	0	1000000000
0	0	2	2	101328
0	0	2	0	1000000000
0	0	2	0	1000000000
0	0	2	0	1000000000
0	0	2	0	1000000000
0	0	2	0	1000000000
0	0	2	0	1000000000
0	0	2	4	23253
0	0	2	0	1000000000
0	0	2	0	1000000000
0	0	1	0	1000000000
0	0	2	0	1000000000
0	0	2	2	109919
0	0	2	0	1000000000
0	0	2	1	156161
0	0	2	0	1000000000
0	0	2	4	44960
0	0	2	0	1000000000
0	0	2	0	1000000000
0	0	2	1	66031
0	0	2	0	1000000000
0	0	2	0	1000000000
0	0	2	1	338
0	0	2	4	46497
0	0	2	0	1000000000
0	0	1	0	1000000000
0	0	2	0	1000000000
0	0	2	2	95434
0	0	1	0	1000000000
0	0	1	0	1000000000
0	0	2	0	1000000000
0	0	2	0	1000000000
0	0	2	0	1000000000
0	0	2	0	1000000000
0	0	2	0	1000000000
0	0	1	0	1000000000
0	0	2	0	1000000000
0	0	2	1	77965
0	0	1	1	12611
0	0	1	0	1000000000
0	0	2	0	1000000000
0	0	2	0	1000000000
0	0	1	7	2584
0	0	2	2	21199
0	0	1	3	219879
0	0	2	0	1000000000
0	0	2	1	1019
0	0	1	0	1000000000
0	0	2	0	1000000000
0	0	2	0	1000000000
0	0	2	6	103987
0	0	1	0	1000000000
0	0	2	0	1000000000
0	0	2	2	52036
0	0	2	0	1000000000
0	0	1	0	1000000000
0	0	2	1	10768
0	0	2	0	1000000000
0	0	2	0	1000000000
0	0	1	0	1000000000
0	0	2	0	1000000000
1	1	0	1	172
1	1	0	1	246
1	1	0	1	1910
1	1	0	1	293
1	1	0	1	92
1	1	0	1	273
1	1	0	1	174
1	1	0	1	273
1	1	0	1	161
1	1	0	1	236
1	1	1	2	175
1	1	0	1	4753
1	1	0	1	231
1	1	0	1	260
1	1	0	1	298
1	1	0	1	3154
1	1	0	1	157
1	1	0	1	236
1	1	0	5	245
1	1	0	1	597
1	1	0	1	221
1	1	0	1	125
1	1	0	1	273
1	1	0	1	208
1	1	0	1	142
1	1	0	1	174
1	1	0	2	174
1	1	0	1	2782
1	1	0	4	3645
1	1	0	1	241
1	1	0	1	26734
1	1	0	1	114
1	1	0	1	1018
1	1	0	2	319
1	1	0	1	208
1	1	0	2	235
1	1	0	1	285
1	1	0	1	283
1	1	0	1	134
1	1	0	1	140
1	1	0	1	63
1	1	0	1	291
1	1	0	4	1859
1	1	0	1	87
1	1	0	1	38935
1	1	0	1	199
1	1	0	1	38111
1	1	0	2	19165
1	1	0	1	3059
1	1	0	3	243
1	1	0	1	168
1	1	0	2	280
1	1	0	1	82
1	1	0	2	19682
1	1	0	1	280
1	1	0	4	168
1	1	0	1	169
1	1	0	1	4984
1	1	0	1	153
1	1	0	1	157
1	1	0	1	244
1	1	0	1	11
1	1	0	1	266
1	1	0	1	272
1	1	0	2	265
1	1	0	1	265
1	1	0	4	45
1	1	0	1	912
1	1	0	1	167
1	1	0	2	153
1	1	0	2	212
1	1	0	3	220
1	1	0	1	1314
1	1	0	1	136
1	1	0	1	227
1	1	0	1	139
1	1	0	2	105
1	1	0	2	357
1	1	0	3	556
1	1	0	1	220
1	1	0	2	199
1	1	0	2	89
1	1	0	1	1848
1	1	0	1	156
1	1	0	1	67
1	1	0	1	175
1	1	0	1	90
1	1	0	1	236
1	1	0	1	201
1	1	0	1	142
1	1	0	1	174
1	1	0	1	161
1	1	0	1	159
1	2	0	2	332
1	1	0	1	188
1	1	0	1	53
1	1	0	1	169
1	1	0	1	173
1	1	0	1	1897
1	1	0	1	170
1	1	0	1	273
1	1	0	1	237
1	1	0	1	1570
1	1	0	1	273
1	1	0	1	237
1	1	0	1	287
1	1	0	1	223
1	1	0	1	117
1	1	0	3	359
1	1	0	1	4209
1	1	0	2	2121
1	1	0	2	203
1	1	0	1	163
1	1	0	1	2738
1	1	0	1	120
1	1	0	1	119
1	1	0	1	213
1	1	0	2	192
1	1	0	1	364
1	1	0	1	364
1	1	0	1	286
1	1	0	3	213
