12149.1	218493.5
160490.1	160490.10
205918.4	205918.7
209261.1	209261.6
282459.1	282459.5
318167.10	318167.14
351746.4	351746.6
370553.3	370553.4
386043.6	386043.9
426430.6	426430.8
122587.1	122587.5
176279.3	176279.9
205921.3	205921.4
220664.3	220664.5
272622.8	272622.10
291331.3	291331.8
319701.3	319701.6
370554.3	370554.4
386656.4	386656.9
60481.10	60481.13
193567.1	193567.3
205922.3	205922.5
233413.1	233413.5
293653.3	293653.4
370551.3	370551.4
377628.5	377628.10
405955.9	405955.13
76869.3	76869.5
158879.1	158879.11
198466.1	198466.3
208963.3	208963.12
242231.4	242231.10
281310.3	281310.6
351745.7	351745.9
384676.6	384676.9
418127.4	418127.6
