2254071	3541170	3.47	12	16	5	5	7	8	14	13	3	11	10	12	8	8	8	8	12	12	7	7	569585
4560054	4659940	3.73	7	12	5	6	5	3	14	13	3	12	11	13	8	8	7	9	8	8	8	8	39900
5250385	5966440	4.0	11	8	4	4	3	4	13	14	3	1	18	18	7	9	7	7	9	9	10	10	83960
1283429	1284964	6.73	6	7	4	4	1	2	8	8	0	0	4	4	7	8	0	0	9	9	8	8	10000000
1959754	3271782	5.07	8	8	5	4	0	2	7	7	0	0	3	3	0	7	0	0	8	8	7	7	10000000
744649	796837	6.0	13	6	4	4	1	4	2	2	2	3	5	5	7	8	7	9	7	7	9	9	10000000
1068122	1209481	9.2	5	7	5	5	3	0	4	4	0	2	4	4	9	0	0	7	8	8	8	8	10000000
2773256	2794368	6.73	9	6	5	5	5	0	3	3	0	1	4	4	10	0	0	7	8	8	7	7	10000000
3735987	3920423	6.07	6	4	4	3	1	1	1	1	0	0	7	6	7	7	0	0	7	7	8	8	10000000
4416643	4526382	6.53	4	4	6	4	0	1	3	3	1	1	10	10	0	7	7	7	7	7	11	11	10000000
1319774	1670654	6.0	9	15	4	7	2	1	6	6	0	6	4	4	7	7	0	12	9	9	9	9	10000000
2795707	2798002	4.93	9	10	4	4	2	8	2	2	0	0	7	6	7	8	0	0	7	7	8	8	10000000
2889746	4149315	5.27	9	7	4	4	1	4	0	0	0	1	2	2	7	8	0	7	0	0	7	7	334254
4439574	4458525	5.07	9	6	5	4	3	7	12	12	0	3	3	4	7	9	0	7	9	9	7	7	10000000
1195697	1314166	9.73	9	12	6	5	3	4	7	7	6	3	7	8	8	8	9	7	8	8	9	9	21491
353265	383650	5.53	10	7	4	3	2	0	6	7	0	0	4	4	7	0	0	0	9	9	7	7	10000000
461619	607024	5.47	7	9	4	5	1	4	6	6	0	2	5	5	7	9	0	8	9	9	8	8	10000000
241067	336630	4.6	7	11	4	12	9	17	4	3	8	1	5	4	10	8	10	7	8	8	8	8	10000000
824709	1421595	4.8	4	8	5	6	3	2	3	3	3	2	8	8	7	8	9	8	7	7	9	9	10000000
2088295	2114180	5.33	5	11	5	3	4	5	8	8	2	2	20	17	9	8	7	7	8	8	10	10	10000000
3497862	3512659	4.8	7	10	4	4	2	1	3	3	4	1	5	5	8	7	8	7	7	7	9	9	10000000
836715	1194587	8.33	9	10	5	4	2	1	1	1	1	0	3	3	8	7	7	0	7	7	8	8	10000000
1464634	1774409	7.27	5	5	3	4	4	1	3	2	0	1	2	2	9	7	0	7	7	7	7	7	139992
2476443	2738223	7.6	2	5	3	6	0	0	3	3	0	0	6	7	0	0	0	0	7	7	8	8	400
2984521	3039460	7.2	8	6	4	4	2	4	6	6	0	1	7	7	7	9	0	7	9	9	8	8	10000000
1041092	1255405	6.07	2	5	6	3	1	2	10	10	0	1	3	3	7	7	0	7	8	8	7	7	77092
2524310	2887150	6.33	10	7	5	4	0	1	5	4	0	1	4	3	0	7	0	7	8	8	9	9	10000000
128365	2113917	6.2	5	8	5	5	0	2	2	3	0	2	1	1	0	7	0	7	7	7	7	7	69529
5198292	5379723	6.07	3	11	5	5	2	0	0	0	1	1	1	1	8	0	7	7	0	0	7	7	10000000
308151	319421	4.67	8	6	5	3	2	2	6	6	2	0	3	3	7	7	7	0	8	8	7	7	10000000
64628	90420	9.8	11	10	4	5	0	0	6	6	0	2	3	3	0	0	0	8	8	8	7	7	10000000
517523	553487	10.13	8	11	4	5	0	1	1	1	6	0	7	7	0	7	10	0	7	7	8	8	10000000
624579	667111	4.67	7	14	4	5	1	0	3	3	4	1	9	9	7	0	8	7	8	8	9	9	10000000
1154358	2601805	7.47	4	11	4	4	1	2	3	3	0	4	9	10	7	8	0	8	8	8	8	8	114638
2730825	2867195	7.33	6	7	6	6	8	2	0	0	1	4	2	2	11	8	7	8	0	0	7	7	38381
3437580	4017531	6.8	11	7	3	6	3	4	3	3	0	0	4	4	7	9	0	0	7	7	7	7	27224
384547	543737	7.8	5	9	4	5	4	1	4	4	0	0	8	8	7	7	0	0	8	8	8	8	10000000
108988	170909	5.6	8	8	5	5	2	0	6	5	0	2	3	3	7	0	0	7	8	8	7	7	10000000
573967	574163	6.6	7	6	4	6	2	0	19	20	0	0	2	2	7	0	0	0	18	19	7	7	10000000
3977171	4238988	6.73	7	6	4	4	0	0	3	4	5	0	3	3	0	0	11	0	7	7	7	7	90914
5701286	5795830	7.27	6	10	4	4	0	3	2	2	0	1	5	6	0	7	0	7	7	7	8	8	10000000
70987	152843	6.4	8	8	4	5	0	0	4	4	0	0	4	4	0	0	0	0	8	8	8	8	10000000
94163	1015641	4.13	8	14	4	5	4	9	5	5	4	1	6	6	9	9	8	7	10	10	11	11	65750
3061926	3162383	4.33	14	11	5	7	9	5	19	17	5	9	24	23	9	8	7	9	11	11	10	10	10000000
5991447	6166024	4.67	8	13	3	4	13	2	14	11	3	1	4	4	11	7	7	7	8	8	7	7	10000000
677663	1090553	8.93	8	9	4	7	2	3	6	6	2	0	6	6	7	8	8	0	8	8	10	10	10000000
2251923	2386108	7.33	5	8	4	4	1	9	1	1	0	1	8	8	7	12	0	7	7	7	9	9	10000000
845710	890988	7.33	7	9	5	5	4	0	2	2	0	0	2	2	8	0	0	0	7	7	7	7	10000000
3737636	3754932	8.0	11	5	3	4	0	1	2	2	2	3	5	5	0	7	8	7	7	7	8	8	10000000
4531976	5221911	7.2	12	10	4	5	3	0	3	3	1	1	0	0	8	0	7	7	8	8	0	0	131000
357607	436591	3.6	14	9	6	5	7	1	2	2	3	0	6	8	9	7	7	0	7	7	9	9	10000000
47554	49316	5.6	7	8	4	4	2	1	0	0	3	1	0	0	7	7	7	7	0	0	0	0	10000000
1680529	1786933	4.6	8	5	4	4	0	1	4	4	1	0	1	1	0	7	7	0	8	8	7	7	10000000
678045	832419	6.6	6	13	4	4	0	0	1	1	1	4	6	6	0	0	7	8	7	7	9	9	10000000
920579	1056877	8.2	6	6	6	6	1	1	5	5	4	1	2	2	7	7	10	7	8	8	7	7	10000000
71795	87663	5.33	5	13	4	4	3	2	4	4	5	0	3	3	8	8	11	0	8	8	7	7	10000000
645474	658385	4.33	9	7	5	4	1	0	5	5	1	2	2	2	7	0	7	8	7	7	7	7	10000000
2088321	2089141	5.4	4	5	3	3	1	0	0	0	3	1	4	3	7	0	8	7	0	0	7	7	10000000
219782	2951178	6.53	6	8	4	5	1	2	7	7	0	3	2	2	7	7	0	9	10	10	7	7	207690
106700	133498	5.07	7	14	4	5	4	6	8	7	2	4	6	6	9	9	7	8	10	10	8	8	10000000
570103	586764	3.67	14	7	7	3	10	1	16	13	15	3	8	6	10	7	8	8	8	8	9	9	10000000
505326	605062	5.0	12	11	8	4	12	1	16	14	1	3	16	11	10	7	7	8	9	9	9	9	10000000
944231	1043574	5.33	8	14	3	5	6	8	23	25	4	15	24	25	9	8	7	9	9	9	10	10	39682
1572863	3097032	5.27	3	7	4	4	0	2	14	14	2	13	15	15	0	7	8	9	8	8	9	9	402430
3190901	3405501	4.6	12	9	5	5	9	1	15	15	2	0	26	24	9	7	7	0	8	8	10	10	10000000
168455	373274	4.27	16	5	5	4	9	6	3	3	3	2	5	5	11	9	8	7	8	8	8	8	10000000
872972	997917	9.27	8	9	4	4	4	6	0	0	0	6	2	2	9	8	0	11	0	0	7	7	10000000
11122	11230	8.67	10	10	4	4	0	4	102	104	0	0	1	1	0	9	0	0	106	107	7	7	10000000
638656	712938	9.73	11	13	4	4	5	7	10	10	2	3	15	15	8	8	8	8	9	9	8	8	12936
39196	380425	8.8	10	7	5	4	1	1	7	7	0	3	2	2	7	7	0	7	8	8	7	7	9347
751766	890187	9.53	10	8	5	6	0	2	5	5	1	1	1	1	0	7	7	7	8	8	7	7	10000000
552169	683402	7.87	7	6	4	4	4	0	1	1	0	0	2	2	8	0	0	0	7	7	7	7	10000000
1255988	1298247	8.6	5	5	5	4	0	3	4	4	6	2	5	5	0	8	8	8	8	8	8	8	10000000
667507	830585	3.67	20	9	4	4	6	8	21	19	6	5	10	11	11	8	8	8	9	9	8	8	6855
1386035	1396293	4.53	13	9	5	5	4	6	17	17	16	14	11	11	8	8	10	10	10	11	8	8	10000000
332878	471377	3.73	10	7	4	7	8	2	11	11	5	0	13	11	9	8	8	0	9	9	9	9	40691
64408	192511	9.47	6	14	4	4	2	3	12	13	3	1	13	13	7	8	8	7	9	9	10	10	10000000
996317	1402034	8.87	11	6	5	7	1	2	4	4	1	0	6	6	7	8	7	0	8	8	8	8	10000000
1718230	2041650	6.2	4	9	3	4	1	0	1	1	1	0	3	4	7	0	7	0	7	7	7	7	95140
830301	1020778	3.2	10	11	5	4	11	7	28	26	8	10	16	14	10	11	9	10	11	11	10	9	87190
167771	499447	6.87	5	7	4	4	1	2	8	8	2	4	7	7	7	7	7	8	10	10	8	8	40774
652274	763056	9.6	15	8	4	3	2	0	10	11	1	2	6	6	7	0	7	7	9	9	8	8	12356
112210	177503	7.8	7	8	4	4	1	0	11	11	3	1	3	3	7	0	8	7	10	10	8	8	10000000
1272500	1361632	6.13	6	8	4	3	2	0	1	1	1	2	4	4	7	0	7	8	7	7	8	8	504
1023129	1996219	4.27	8	9	4	4	1	3	2	2	5	3	5	5	7	7	9	8	7	7	9	9	178805
79786	149100	6.6	4	10	4	7	4	0	3	3	0	0	3	3	9	0	0	0	8	8	8	8	10000000
515517	777032	6.4	2	7	3	4	0	55	3	6	1	2	3	3	0	60	7	7	7	7	8	8	10000000
1352087	1358915	6.93	6	10	5	5	5	2	6	6	0	0	6	6	8	7	0	0	8	8	10	10	10000000
1725384	2559152	5.87	7	4	4	3	0	2	3	2	1	3	4	4	0	8	7	7	8	8	9	9	32165
2657701	2663801	6.8	11	6	4	4	0	0	0	0	2	4	3	3	0	0	8	8	0	0	7	7	10000000
3114404	3116175	9.93	13	8	5	6	5	2	5	5	0	2	2	2	8	8	0	7	7	7	8	8	10000000
4504127	5117741	6.53	11	8	6	6	2	0	2	2	0	1	9	9	8	0	0	7	7	7	10	10	76932
139087	150453	8.33	11	8	4	5	1	1	2	2	0	1	4	4	7	7	0	7	7	7	7	7	10000000
2315559	2354745	7.87	8	7	5	4	1	0	6	6	0	2	4	4	7	0	0	7	10	10	7	7	10000000
3729758	3737897	7.33	10	8	5	4	0	3	3	3	1	2	5	6	0	7	7	7	9	9	8	8	10000000
99501	127012	4.93	9	5	4	3	2	3	7	9	4	4	11	10	8	7	8	8	10	10	9	9	10000000
177379	352243	5.0	13	9	6	6	2	2	5	5	5	2	4	5	7	7	8	7	9	9	9	9	10000000
35250	852368	10.67	15	4	6	4	5	0	3	3	0	0	6	6	8	0	0	0	7	7	9	9	10000000
369472	421693	4.8	10	10	4	6	5	8	12	13	0	0	9	9	8	9	0	0	8	8	9	9	10000000
40370	79192	5.67	7	11	4	5	5	0	2	2	2	2	1	1	8	0	7	7	7	7	7	7	10352
2092531	2159575	8.47	11	6	4	5	3	0	4	4	7	0	4	3	9	0	9	0	8	8	7	7	10000000
3188716	3192357	7.07	9	7	5	6	0	0	2	2	0	0	3	5	0	0	0	0	7	7	8	8	10000000
461909	479650	6.8	2	3	3	3	2	1	1	1	0	2	1	1	7	7	0	7	7	7	7	7	10000000
1880446	2131692	6.73	8	2	3	3	3	3	2	2	1	1	2	2	7	8	7	7	7	7	7	7	57164
523507	1882777	6.07	7	5	3	3	1	1	3	3	3	3	5	4	7	7	9	8	8	8	8	8	245475
4294562	4423766	6.4	6	4	4	6	0	4	4	4	0	0	1	1	0	9	0	0	7	7	7	7	10000000
1326763	1483709	10.0	11	7	5	5	4	3	2	1	2	1	4	4	9	9	8	7	7	7	8	8	10000000
119195	160575	6.27	5	5	4	4	0	0	0	0	2	0	2	2	0	0	7	0	0	0	7	7	10000000
905631	3727081	6.27	3	5	3	5	1	2	6	6	2	1	5	5	7	7	7	7	8	8	7	7	44596
6023	7484	2.8	15	8	5	5	5	2	13	13	4	0	14	14	9	7	8	0	10	10	10	10	10000000
159885	191082	4.33	7	6	6	4	1	5	4	4	0	2	10	10	7	8	0	8	7	7	8	8	10000000
2696190	4202104	4.27	9	11	7	5	7	0	5	5	0	8	11	11	9	0	0	10	8	8	9	9	10000000
7217080	7422341	3.87	10	12	5	5	3	2	13	12	2	4	12	11	8	7	7	8	11	11	9	9	10000000
9043415	9351789	5.27	10	7	7	4	9	1	7	7	5	8	25	24	8	7	8	10	8	8	12	12	10000000
58799	310640	4.93	6	10	3	5	3	2	6	6	1	0	11	11	8	8	7	0	8	8	9	9	10000000
1544172	1577932	6.0	7	6	3	3	1	3	6	6	1	3	4	4	7	8	7	7	8	8	7	7	10000000
1209807	1514082	5.53	8	8	4	4	3	1	7	6	1	1	4	4	8	7	7	7	8	8	8	8	10000000
336975	932912	4.73	5	9	3	4	1	1	3	3	3	2	1	1	7	7	8	8	7	7	7	7	69754
1942074	2014595	5.13	6	9	4	4	7	3	7	7	0	3	6	6	8	8	0	8	8	8	8	8	10000000
1616658	1877465	5.27	8	3	6	4	6	2	1	1	0	1	10	9	8	7	0	7	7	7	9	9	54737
2716583	2866604	5.47	9	6	5	4	0	1	3	3	1	6	13	12	0	7	7	8	8	8	9	9	10000000
1025376	1025780	8.2	4	9	5	4	2	1	5	5	2	3	4	4	7	7	7	8	8	8	8	8	10000000
