3973460	4051921	4.6	7	5	4	5	1	1	1	1	1	1	1	1	0	7	0	10	0	9	0	8	10000000
4720202	4961714	3.4	15	11	5	4	1	1	1	1	1	0	1	1	0	8	0	0	0	7	0	8	34164
6126846	6910991	4.8	7	15	7	8	1	1	1	1	1	0	1	1	0	13	0	0	0	9	0	8	6645
1002325	1202592	6.53	7	6	5	4	1	1	0	0	1	1	1	1	0	8	0	8	0	0	0	7	69644
2931367	4041690	5.2	11	8	4	4	1	0	1	1	0	1	1	1	0	0	0	8	0	7	0	10	502350
296065	789711	6.33	5	9	6	5	1	0	1	1	1	1	1	1	0	0	0	7	0	8	0	9	10000000
1082230	1140642	7.13	5	8	5	5	1	1	1	1	0	1	1	1	0	7	0	7	0	7	0	7	10000000
2794097	2864374	6.33	7	3	4	4	1	0	1	1	1	1	1	1	0	0	0	8	0	8	0	7	10000000
4104772	4117168	9.8	11	3	5	4	1	1	1	1	1	0	1	1	0	8	0	0	0	8	0	7	10000000
4659867	4716023	7.67	7	7	4	3	0	0	1	1	1	0	1	1	0	0	0	0	0	7	0	7	10000000
1108450	1115772	5.87	8	6	6	5	1	1	1	1	1	1	1	1	0	8	0	7	0	8	0	8	10000000
2655596	2732128	5.73	12	7	4	4	1	1	1	1	0	1	0	0	0	7	0	7	0	7	0	0	10000000
3829042	4147529	4.67	7	8	4	4	1	1	1	1	1	1	1	1	0	7	0	8	0	9	0	7	10000000
4433547	4454126	5.8	5	9	4	5	1	1	1	1	1	1	1	1	0	8	0	7	0	8	0	9	10000000
1455448	1515824	10.6	15	9	5	6	1	1	1	1	1	1	1	1	0	7	0	7	0	8	0	9	10000000
42654	265088	6.07	8	7	4	3	1	1	1	1	1	0	1	1	0	9	0	0	0	7	0	11	10000000
838660	845604	5.73	9	3	6	3	1	1	1	1	1	1	1	1	0	7	0	7	0	7	0	10	10000000
24933	443436	5.27	8	7	4	3	1	0	1	1	1	1	1	1	0	0	0	9	0	7	0	8	29217
1547167	1566906	5.07	6	6	4	3	1	1	1	1	0	1	1	1	0	7	0	8	0	9	0	8	10000000
2193520	2334728	5.27	4	10	3	5	0	0	1	1	0	0	1	1	0	0	0	0	0	8	0	8	10000000
3324742	3388379	6.13	2	4	3	4	0	1	1	1	0	1	1	1	0	7	0	7	0	7	0	9	10000000
441042	700185	7.8	4	11	3	5	1	0	1	1	1	1	1	1	0	0	0	7	0	7	0	7	10000000
1970487	2012694	6.07	2	2	3	3	1	1	1	1	0	1	1	1	0	7	0	7	0	8	0	8	10000000
2638444	2641769	6.87	8	7	5	4	0	1	1	1	0	0	1	1	0	7	0	0	0	8	0	9	10000000
3013350	3016472	6.33	5	2	4	4	1	1	1	1	1	0	1	1	0	10	0	0	0	9	0	7	10000000
567824	1105929	5.2	7	7	6	4	1	1	1	1	0	1	1	1	0	7	0	8	0	8	0	8	112733
2338642	2767679	6.13	11	6	5	3	0	1	1	1	1	1	1	1	0	10	0	8	0	7	0	8	10000000
600420	1458755	4.8	6	4	5	3	1	0	1	1	1	0	1	1	0	0	0	0	0	7	0	7	6827
3871651	4699072	5.53	6	12	4	5	1	1	1	1	1	1	1	1	0	7	0	8	0	7	0	8	97140
180802	220745	5.0	8	10	3	4	1	1	1	1	0	0	1	1	0	10	0	0	0	8	0	10	10000000
19620	62896	7.07	8	4	6	3	0	1	1	1	0	0	1	1	0	8	0	0	0	8	0	8	10000000
455918	461341	9.13	11	7	4	4	1	1	1	1	1	1	0	0	0	10	0	7	0	8	0	0	10000000
694010	707366	4.2	13	6	5	4	1	1	1	1	1	0	1	1	0	7	0	0	0	9	0	9	10000000
2886509	3174401	8.67	6	7	5	5	1	1	1	1	0	1	0	0	0	7	0	7	0	8	0	0	48152
24340	2217602	9.47	9	10	6	5	0	0	1	1	1	1	1	1	0	0	0	8	0	8	0	8	284044
3488238	3587632	6.13	8	10	4	4	1	1	1	1	1	1	1	1	0	8	0	7	0	8	0	7	27232
1319293	1588042	6.93	5	7	4	4	1	1	1	1	0	1	1	1	0	7	0	7	0	7	0	8	10000000
58368	252331	7.2	4	4	4	4	1	1	1	1	1	1	1	1	0	8	0	7	0	7	0	7	7512
330770	524232	5.33	14	4	4	3	1	1	1	1	1	1	1	1	0	7	0	7	0	7	0	8	10000000
3940344	4106848	6.4	7	5	5	4	0	1	1	1	0	1	1	1	0	10	0	7	0	8	0	9	30901
4707022	5924081	6.13	2	9	3	5	0	0	1	1	0	1	1	1	0	0	0	8	0	7	0	10	488579
363089	363094	7.27	7	6	5	5	0	0	1	1	1	1	1	1	0	0	0	7	0	210	0	7	10000000
1374790	1441859	5.07	9	4	5	4	1	1	1	1	1	1	1	1	0	9	0	7	0	7	0	10	10000000
2234447	4435164	5.53	10	14	5	7	0	1	1	1	1	1	1	1	0	8	0	8	0	9	0	11	78224
7350402	8729855	6.0	8	7	4	5	0	1	1	1	1	1	1	1	0	7	0	9	0	9	0	8	587500
1509943	1836878	9.0	11	5	6	4	1	0	1	1	1	0	1	1	0	0	0	0	0	7	0	8	42672
2064456	2254466	8.27	3	5	5	4	1	1	1	1	1	1	1	1	0	7	0	8	0	9	0	9	47893
2545413	2767127	7.33	15	4	6	5	1	1	0	0	0	0	1	1	0	9	0	0	0	0	0	7	10000000
3348324	3726855	7.6	7	1	4	3	1	0	0	0	1	0	0	0	0	0	0	0	0	0	0	0	47746
4505971	4958611	8.4	3	9	4	3	1	0	1	1	1	1	1	1	0	0	0	12	0	8	0	8	10000000
20858	45435	4.8	9	4	5	3	1	1	1	1	1	0	1	1	0	8	0	0	0	8	0	8	10000000
20432	31866	4.93	4	3	5	3	1	1	1	1	0	1	1	1	0	8	0	7	0	8	0	7	10000000
1726808	1739322	5.73	6	5	5	5	0	0	1	1	0	0	1	1	0	0	0	0	0	8	0	7	10000000
2186232	2197992	8.07	7	7	4	5	1	0	0	0	1	1	1	1	0	0	0	7	0	0	0	8	10000000
638690	731029	9.07	6	15	7	7	0	1	1	1	1	1	1	1	0	8	0	10	0	7	0	8	10000000
171598	475537	5.07	8	6	7	7	0	1	1	1	0	1	1	1	0	8	0	8	0	7	0	9	10000000
654099	655398	4.93	8	9	4	5	1	1	1	1	1	0	1	1	0	8	0	0	0	10	0	9	10000000
2756344	3291283	4.73	5	3	3	6	1	1	1	1	0	1	1	1	0	8	0	7	0	7	0	9	130005
920966	2242166	6.8	3	11	3	5	1	1	1	1	1	1	1	1	0	7	0	8	0	9	0	8	209303
18917	73258	4.93	13	14	5	7	1	1	1	1	1	1	1	1	0	7	0	7	0	8	0	8	10000000
313025	476438	4.33	7	12	6	3	1	1	1	1	1	1	1	1	0	9	0	7	0	11	0	10	10000000
498985	775081	3.8	7	16	4	8	1	1	1	1	1	1	1	1	0	12	0	12	0	11	0	10	122658
949848	1021291	4.73	10	12	4	5	1	1	1	1	1	1	1	1	0	7	0	13	0	8	0	8	17399
2315583	2757334	5.27	9	5	5	4	1	1	1	1	1	1	1	1	0	7	0	8	0	8	0	8	10000000
3370646	3831180	5.0	6	9	5	4	1	0	1	1	1	1	1	1	0	0	0	8	0	7	0	8	10000000
498235	502194	4.33	8	13	5	6	1	1	1	1	1	1	1	1	0	8	0	8	0	10	0	10	10000000
790956	1083931	10.07	7	17	5	5	1	1	1	1	1	1	1	1	0	11	0	7	0	7	0	8	10000000
12985	15246	8.4	8	7	3	3	0	1	0	0	0	0	0	0	0	7	0	0	0	0	0	0	10000000
443354	494293	8.93	7	12	5	4	1	0	1	1	1	1	1	1	0	0	0	12	0	8	0	8	16698
105145	320061	9.27	8	4	5	4	1	1	1	1	1	1	1	1	0	8	0	7	0	10	0	9	10000000
879905	883197	8.6	7	10	5	5	0	1	1	1	1	1	1	1	0	7	0	7	0	8	0	7	10000000
694830	889667	9.13	11	9	5	6	1	1	1	1	1	0	1	1	0	8	0	0	0	8	0	8	10000000
1323544	1330550	8.47	5	14	3	6	0	1	1	1	1	1	1	1	0	9	0	9	0	7	0	7	10000000
474301	873269	4.47	10	11	5	4	1	1	1	1	1	1	1	1	0	7	0	9	0	8	0	8	85299
1047100	1131941	5.2	5	20	4	7	1	1	1	1	1	1	1	1	0	7	0	7	0	10	0	9	10000000
148235	574979	5.33	14	15	6	6	1	1	1	1	1	1	1	1	0	7	0	10	0	10	0	8	200118
45510	276079	9.33	8	15	5	4	1	1	1	1	0	1	1	1	0	9	0	9	0	8	0	8	12488
1029195	1280553	7.53	8	2	6	3	1	1	1	1	1	0	0	0	0	7	0	0	0	7	0	0	10000000
2129685	2135490	8.73	16	10	4	5	0	1	1	1	0	0	1	1	0	10	0	0	0	8	0	9	10000000
1427483	1459989	4.4	13	12	5	4	1	1	1	1	0	1	1	1	0	9	0	8	0	9	0	9	10000000
369670	389682	8.73	6	8	4	5	0	1	1	1	1	0	1	1	0	7	0	0	0	7	0	9	10000000
12659	318285	9.73	5	7	3	4	1	1	1	1	1	1	1	1	0	7	0	7	0	7	0	9	27199
73272	156919	8.6	15	5	5	5	1	0	1	1	1	1	1	1	0	0	0	7	0	9	0	7	10000000
741603	1156761	5.8	7	5	5	3	0	0	1	1	0	1	1	1	0	0	0	8	0	8	0	7	10000000
772402	1986305	5.67	11	2	5	4	1	0	1	1	1	1	1	1	0	0	0	8	0	7	0	7	168891
10486	103959	7.67	7	7	4	5	1	1	1	1	0	1	1	1	0	7	0	7	0	7	0	8	10000000
607702	1065417	8.47	9	8	4	5	1	1	1	1	1	0	1	1	0	8	0	0	0	8	0	8	10000000
1260781	1284380	7.87	8	5	4	5	0	0	1	1	1	1	1	1	0	0	0	7	0	7	0	8	10000000
1803613	2533640	7.6	7	9	6	6	0	0	1	1	0	0	1	1	0	0	0	0	0	7	0	8	329726
2656808	2658285	7.8	4	11	4	5	1	1	1	1	0	1	0	0	0	8	0	8	0	8	0	0	10000000
2777703	3172735	9.33	7	9	4	5	1	1	1	1	1	0	1	1	0	7	0	0	0	7	0	9	164758
4376850	4427509	5.8	8	5	4	5	1	0	1	1	1	1	1	1	0	0	0	7	0	8	0	7	10000000
49994	99804	10.0	6	6	4	5	1	1	1	1	1	1	0	0	0	7	0	7	0	7	0	0	10000000
1173233	1424859	7.4	2	6	4	5	1	1	1	1	1	0	1	1	0	7	0	0	0	8	0	9	114749
3693338	3717633	7.47	7	7	4	5	1	1	1	1	1	0	1	1	0	7	0	0	0	7	0	7	10000000
47294	61365	4.27	8	2	5	3	1	1	1	1	1	1	1	1	0	7	0	8	0	8	0	9	10000000
199610	379013	5.93	11	10	5	4	1	1	0	0	1	1	1	1	0	7	0	7	0	0	0	9	10000000
1020438	1147830	9.53	7	6	5	4	1	0	1	1	1	1	1	1	0	0	0	7	0	11	0	8	10000000
11471	410277	5.07	6	5	5	5	1	1	1	1	1	1	1	1	0	9	0	9	0	10	0	9	44968
65781	89604	8.6	7	7	4	4	0	1	1	1	1	1	1	1	0	9	0	9	0	7	0	8	1908
1254631	1398376	7.2	8	10	4	5	0	1	0	0	0	0	1	1	0	7	0	0	0	0	0	9	10000000
3211483	3429380	7.2	7	4	6	4	0	1	1	1	1	1	1	1	0	7	0	8	0	8	0	8	67079
356433	511939	5.33	13	8	5	4	1	1	1	1	0	0	1	1	0	8	0	0	0	7	0	8	10000000
1080384	1560130	8.07	12	4	5	6	1	0	1	1	1	0	1	1	0	0	0	0	0	8	0	8	3039
1518159	1714291	6.2	5	8	3	5	1	0	1	1	0	0	1	1	0	0	0	0	0	7	0	8	75913
2129900	3716487	9.8	9	5	4	3	1	0	1	1	1	1	1	1	0	0	0	7	0	7	0	7	649779
575046	1470276	9.87	11	8	4	5	1	1	1	1	1	1	1	1	0	8	0	7	0	8	0	10	46446
12697	397826	6.8	11	5	5	3	1	1	1	1	1	1	0	0	0	7	0	7	0	8	0	0	10000000
2890398	3804973	6.2	8	4	4	3	1	1	1	1	1	1	1	1	0	7	0	7	0	7	0	10	21360
9527	10514	4.73	9	9	4	6	1	1	1	1	1	1	1	1	0	8	0	7	0	11	0	7	10000000
279436	284067	3.27	16	8	7	6	1	1	1	1	1	0	1	1	0	8	0	0	0	8	0	12	10000000
5292697	5354314	5.33	6	12	6	4	0	1	1	1	1	0	1	1	0	8	0	0	0	9	0	8	10000000
6015851	6057773	4.93	9	5	3	4	1	1	1	1	1	1	1	1	0	7	0	7	0	9	0	8	10000000
9228205	9264417	4.0	10	8	5	3	1	1	1	1	1	1	1	1	0	9	0	7	0	8	0	8	10000000
80019	263311	5.13	7	7	5	3	0	1	1	1	1	0	1	1	0	7	0	0	0	8	0	8	10000000
1520292	1638890	6.73	3	5	4	3	1	1	1	1	1	1	1	1	0	8	0	8	0	10	0	8	10000000
1685624	3627260	4.67	10	12	5	4	1	1	1	1	1	0	0	0	0	7	0	0	0	7	0	0	759122
448345	1517796	5.0	9	6	5	5	1	1	1	1	0	1	1	1	0	7	0	10	0	7	0	7	322226
2244507	2249205	4.93	8	15	5	4	1	0	1	1	1	1	1	1	0	0	0	8	0	11	0	7	10000000
2084377	2150956	6.53	10	11	4	5	0	1	1	1	1	0	1	1	0	7	0	0	0	7	0	9	3340
2451842	2621658	4.53	5	7	4	4	1	1	1	1	0	1	1	1	0	8	0	9	0	9	0	7	10000000
382667	536889	6.67	10	6	3	5	1	1	1	1	0	1	1	1	0	8	0	7	0	7	0	7	10000000
