735422	3668120	2.87	13	9	6	5	1	1	1	1	1	1	1	1	8		8	9		10	64213
4877765	4961904	4.13	5	8	4	4	1	1	1	1	1	1	1	1	12		8	10		9	10000000
6219521	7426056	5.27	6	13	4	7	1	1	1	1	0	1	1	1	7		7	8		7	87133
643026	1110174	6.33	4	11	6	4	1	1	1	1	0	1	1	1	7		7	9		8	37015
2943033	3542664	5.53	4	3	3	5	0	1	1	1	0	1	1	1	7		7	8		7	107685
318308	705587	8.0	4	7	4	4	1	1	1	1	1	0	1	1	7		0	9		7	10000000
1020924	1412989	6.87	8	7	3	5	1	1	1	1	1	1	1	1	8		8	7		8	109656
1725870	2526600	6.93	6	9	3	4	1	1	1	1	1	0	1	1	9		0	8		7	358
4131134	4131396	8.47	8	9	3	7	0	1	1	1	1	1	1	1	14		10	8		7	10000000
4312141	4558690	7.07	4	5	3	6	1	1	0	0	1	0	1	1	7		0	0		8	10000000
2111061	2311343	5.87	5	8	5	4	1	1	1	1	0	0	1	1	7		0	8		8	86800
2642937	2650485	5.27	7	10	5	4	1	1	1	1	1	1	1	1	8		7	7		8	10000000
2884229	3959958	4.8	7	6	5	4	1	1	1	1	1	1	1	1	8		7	7		7	339771
4452214	4454280	4.8	7	8	5	5	1	1	1	1	1	1	1	1	7		8	8		10	10000000
113335	863543	10.93	16	5	5	5	1	1	1	1	1	1	1	1	7		8	8		9	163342
329654	416177	6.07	7	8	3	5	1	0	1	1	1	1	1	1	0		7	7		7	10000000
774514	819806	5.93	9	6	5	4	1	1	1	1	0	1	1	1	7		7	8		8	10000000
180389	450318	4.67	15	14	5	4	1	1	1	1	1	1	1	1	9		8	9		10	36099
735357	1600106	6.13	5	10	4	4	0	1	1	1	0	1	1	1	9		7	7		7	46646
2296800	2448506	5.33	4	6	4	5	0	1	1	1	1	0	1	1	10		0	8		7	10000000
3451972	3468209	4.93	4	13	5	5	1	1	1	1	1	1	1	1	7		7	8		11	10000000
1170940	1270462	6.8	8	3	3	3	1	1	1	1	0	1	1	1	8		7	11		8	10000000
990873	1444063	7.27	3	10	3	5	1	0	1	1	1	1	1	1	0		7	7		7	184050
2600188	2948661	6.73	8	4	6	5	1	0	1	1	1	1	1	1	0		8	12		7	151218
3009472	3027471	6.2	4	2	6	3	1	0	1	1	1	0	1	1	0		0	8		9	10000000
1120720	1473241	5.4	10	2	4	3	1	0	1	1	1	1	1	1	0		8	8		8	21313
2423231	3212728	6.8	6	5	4	3	1	1	1	1	1	1	1	1	7		8	8		8	10000000
1102663	1787694	5.4	8	10	4	4	1	1	1	1	1	0	1	1	8		0	7		8	15521
3508831	3799212	4.53	7	10	4	5	1	1	1	1	1	1	1	1	7		8	8		8	59637
264141	366860	5.67	7	15	4	4	1	1	1	1	1	1	1	1	7		7	8		7	5829
10887	13659	9.33	7	5	7	6	1	1	1	1	1	1	1	1	8		7	7		8	10000000
547536	554080	8.67	10	8	4	4	0	1	1	1	1	1	1	1	8		7	7		7	10000000
517328	642232	4.87	8	9	4	4	1	1	1	1	0	1	1	1	10		8	7		8	10000000
142478	644344	6.6	11	7	5	4	1	0	1	1	1	1	0	0	0		7	8		0	241044
734605	1063850	5.8	5	6	6	5	1	0	1	1	1	1	1	1	0		7	9		8	22564
4293039	4445241	6.87	13	8	5	6	1	1	1	1	1	0	1	1	7		0	8		7	8751
2129199	2135172	7.0	9	6	4	5	0	1	1	1	0	1	1	1	7		10	7		9	10000000
95879	114388	5.67	8	6	5	4	1	1	1	1	1	1	1	1	9		8	9		8	10000000
490083	496093	5.53	13	9	7	8	1	1	1	1	1	1	1	1	8		8	9		9	10000000
3175916	3197602	5.0	4	4	4	5	1	1	1	1	0	1	1	1	7		8	7		10	10000000
6046127	6070096	6.33	6	2	3	3	1	0	1	1	1	0	1	1	0		0	8		7	10000000
212907	241542	8.6	5	12	4	5	1	1	1	1	1	1	1	1	11		7	7		9	10000000
1035955	1159683	5.8	11	8	5	7	0	0	1	1	1	1	1	1	0		7	9		8	10000000
2802293	3927035	5.2	7	6	4	4	1	1	1	1	0	1	1	1	8		7	8		10	10000000
5987089	8144669	6.0	7	10	5	4	0	1	1	1	0	0	1	1	8		0	7		8	205316
1496697	1836301	9.93	12	12	6	5	1	1	0	0	0	0	1	1	8		0	0		7	42095
2435414	2436871	9.53	15	14	4	5	1	1	1	1	1	1	1	1	9		7	9		9	10000000
1246297	2743448	7.93	14	8	5	4	0	1	1	1	0	1	1	1	7		8	8		8	69698
3675491	3706680	9.47	8	7	7	4	1	1	1	1	1	1	1	1	7		7	8		9	10000000
4687197	4862529	8.13	5	12	4	5	1	1	1	1	1	1	1	1	8		8	7		8	10000000
348484	391993	4.4	10	17	5	5	1	1	1	1	1	1	1	1	9		9	8		9	10000000
17678	42237	6.07	6	6	3	4	1	0	1	1	1	1	1	1	0		7	7		8	10000000
975035	1045120	4.33	10	13	3	9	1	1	1	1	1	1	1	1	8		8	8		9	10000000
1896698	2171292	5.53	4	6	4	4	1	1	1	1	1	0	1	1	7		0	10		7	88214
639146	891601	8.13	10	17	4	6	1	1	1	1	1	1	1	1	11		9	8		8	10000000
390670	456517	6.07	7	6	6	6	1	0	1	1	0	1	1	1	0		8	8		7	10000000
632685	646054	4.87	8	8	4	4	1	0	1	1	1	1	1	1	0		7	8		8	10000000
2146864	2303715	5.8	7	3	5	4	0	1	1	1	1	0	1	1	9		0	11		9	10000000
2010146	3419368	5.4	7	13	6	5	1	1	1	1	1	1	1	1	9		7	11		9	21881
10336	129161	5.47	5	12	4	6	1	1	1	1	1	1	1	1	9		10	8		7	35396
430824	829451	4.13	9	11	4	5	1	1	1	1	1	1	1	1	7		7	8		8	177028
58065	806463	4.2	12	15	8	5	1	1	1	1	1	1	1	1	10		10	11		12	34471
926400	955776	4.67	8	9	4	8	1	1	1	1	1	1	1	1	8		7	11		9	10000000
1819067	2326231	3.53	19	7	6	4	1	1	1	1	1	0	1	1	9		0	8		9	156226
3398317	3750439	3.73	10	13	4	5	1	1	1	1	1	1	1	1	11		8	9		11	10000000
379611	447101	4.87	16	5	6	5	1	1	1	1	1	1	1	1	7		7	9		10	10000000
919574	965193	10.47	10	9	5	4	1	1	1	1	0	1	1	1	7		8	9		7	10000000
18961	19217	9.07	9	7	3	3	0	1	1	1	0	1	1	1	7		9	8		8	10000000
494425	721936	9.6	11	5	5	5	0	1	1	1	1	0	1	1	7		0	7		8	40775
222794	239548	10.13	10	11	5	5	1	1	1	1	1	0	1	1	11		0	10		8	10000000
135646	666314	8.93	9	7	4	5	1	0	1	1	0	1	1	1	0		7	7		9	40445
1060683	1067046	9.6	10	6	5	3	1	0	0	0	1	1	1	1	0		8	0		8	10000000
1355101	1355347	8.93	6	9	4	4	1	0	1	1	1	1	1	1	0		8	7		10	10000000
532963	920128	2.67	15	9	5	4	1	1	1	1	1	1	1	1	9		7	7		9	26637
1217441	1299827	4.8	11	7	5	7	1	1	1	1	1	1	1	1	7		7	8		7	10000000
645070	852014	4.47	6	9	4	5	1	1	1	1	1	0	1	1	7		0	9		8	90041
141666	253468	9.87	8	14	4	6	1	1	1	1	0	1	1	1	7		8	9		8	10000000
637579	770728	7.73	7	4	4	6	1	0	1	1	1	0	1	1	0		0	8		8	781
2107156	2277343	8.53	12	12	3	5	1	0	1	1	0	0	1	1	0		0	9		9	10000000
1438693	1439013	4.2	7	16	5	6	1	1	1	1	1	1	1	1	7		7	11		10	10000000
117857	239540	8.73	9	5	3	5	1	1	1	1	0	0	1	1	7		0	8		9	10000000
607081	645252	9.27	10	4	4	3	1	0	1	1	1	1	1	1	0		10	9		8	10000000
49205	110821	7.8	6	7	3	4	1	1	1	1	1	1	1	1	8		7	9		8	10000000
1080667	1234270	6.0	10	6	4	5	0	0	1	1	0	1	1	1	0		7	9		7	10000000
1341413	2035642	4.27	8	6	3	3	1	1	1	1	1	1	1	1	7		8	11		7	218228
77065	103462	6.0	6	5	5	4	1	1	1	1	1	1	1	1	8		7	8		7	10000000
393765	642562	6.6	7	4	3	9	1	1	1	1	1	1	1	1	8		8	7		8	10000000
1303063	1331850	6.4	7	3	5	3	1	1	1	1	0	1	1	1	9		8	7		7	10000000
2062583	2252243	6.13	5	4	4	4	1	1	1	1	0	1	1	1	7		7	7		8	48329
2656109	2660690	6.53	8	7	3	5	1	0	1	1	1	1	1	1	0		7	7		11	10000000
2892434	3056836	8.33	8	11	5	5	0	0	1	1	1	1	1	1	0		7	8		7	50027
5250252	5344539	6.07	9	9	9	4	1	0	1	1	1	1	1	1	0		7	8		7	10000000
153712	224379	8.2	6	9	6	5	1	1	1	1	0	1	1	1	9		9	7		10	10000000
3338581	3605279	8.27	6	8	6	5	0	1	1	1	1	0	1	1	7		0	9		9	10000000
3701256	3739635	8.87	4	7	5	4	1	1	1	1	1	1	1	1	9		7	9		7	10000000
51397	136487	5.33	6	11	4	6	0	1	1	1	1	1	1	1	7		7	7		9	27683
359266	458478	5.27	8	5	6	3	1	0	1	1	1	0	1	1	0		0	7		8	10000000
972304	1236506	8.2	7	8	4	8	1	0	1	1	1	0	1	1	0		0	7		8	10000000
188726	257911	4.33	11	8	5	4	1	1	1	1	1	1	1	1	7		8	8		10	10000000
24878	26882	10.47	12	11	4	7	1	0	1	1	1	0	1	1	0		0	9		8	10000000
1226107	1422027	7.27	10	3	4	3	1	1	1	1	1	0	1	1	8		0	8		8	9633
2399239	2483730	6.67	5	11	3	5	1	0	1	1	1	1	1	1	0		7	9		8	10000000
488789	504125	6.4	5	4	4	6	1	1	1	1	1	0	1	1	7		0	8		7	10000000
937240	2505729	6.73	6	21	5	4	1	1	1	1	1	1	1	1	8		9	7		7	224352
1974622	1994678	7.93	12	10	5	6	1	1	1	1	1	1	1	1	7		8	10		10	10000000
3432351	4020556	6.53	5	9	3	5	1	1	1	1	0	1	1	1	7		7	8		8	3153
124839	1410552	7.2	6	11	4	4	0	1	1	1	0	0	1	1	8		0	7		7	217810
72984	86263	6.27	5	8	3	4	1	1	1	1	1	0	1	1	11		0	8		7	10000000
649302	1150786	6.87	7	4	6	4	0	1	1	1	1	1	1	1	7		7	8		8	34265
1246	10312	4.67	15	6	4	5	1	1	1	1	1	1	1	1	7		7	7		7	10000000
173413	206844	5.6	3	7	5	3	1	1	1	1	1	0	1	1	9		0	8		9	10000000
3982555	4449173	4.47	7	17	4	4	1	1	1	1	1	1	1	1	7		9	7		9	10000000
8524259	8547930	4.07	6	10	5	6	1	1	1	1	1	1	1	1	7		8	8		9	10000000
9263526	9311982	4.07	19	12	5	5	1	1	1	1	1	1	1	1	7		8	9		10	10000000
559679	691236	4.67	12	7	4	4	1	0	1	1	1	1	1	1	0		8	8		8	54404
1146379	1385327	5.07	8	12	4	4	1	1	1	1	1	1	1	1	7		8	9		10	80693
2827969	3922071	4.47	7	4	4	3	1	1	1	1	1	0	1	1	8		0	11		8	10000000
924462	1310295	5.73	12	8	4	4	0	1	1	1	1	0	1	1	7		0	8		8	114725
1905384	2174990	5.13	6	4	5	5	1	1	1	1	0	0	1	1	8		0	8		7	17412
559131	1565060	5.4	8	8	4	4	1	1	1	1	1	0	1	1	7		0	9		7	302957
2698782	2840796	5.6	12	11	5	6	1	0	1	1	1	1	1	1	0		9	7		7	10000000
968114	1012861	8.13	6	5	4	3	0	1	1	1	1	1	1	1	7		8	7		7	10000000
