1431372	2288349	3.27	18	14	5	6	1	1	1	1	1	1	1	1	0	14	0	8	0	8	0	14	10000000
4399018	4986100	4.0	9	7	5	4	1	1	1	1	1	1	1	1	0	9	0	8	0	9	0	8	219195
6588780	7346940	3.27	14	7	5	5	1	1	1	1	1	1	1	1	0	7	0	7	0	8	0	8	275414
840384	927307	5.8	12	5	7	4	1	1	1	1	1	1	1	1	0	7	0	8	0	11	0	11	23921
2742398	4415975	7.47	6	5	3	6	1	1	1	1	0	1	1	1	0	8	0	7	0	7	0	7	24313
350411	482092	6.67	8	5	5	6	0	1	1	1	1	1	1	1	0	8	0	7	0	10	0	9	10000000
1182224	1466177	7.0	8	4	5	4	1	0	1	1	0	0	1	1	0	0	0	0	0	7	0	7	66185
2850122	3031965	7.2	13	3	6	5	1	1	1	1	0	1	1	1	0	7	0	7	0	7	0	7	88725
4135257	4137086	6.6	5	4	4	3	1	1	1	1	0	1	1	1	0	8	0	8	0	8	0	10	10000000
4726345	4732871	6.87	11	11	4	5	1	1	1	1	1	1	1	1	0	7	0	9	0	7	0	7	10000000
1769128	2212679	5.0	12	7	4	4	1	1	1	1	0	1	1	1	0	8	0	7	0	7	0	8	58015
2630209	2755822	5.93	4	5	3	4	1	1	1	1	1	0	1	1	0	7	0	0	0	8	0	8	10000000
3181184	3199001	4.6	7	4	5	8	0	1	1	1	1	1	1	1	0	8	0	8	0	8	0	13	10000000
4434945	4474835	5.2	9	5	4	5	1	1	1	1	1	1	1	1	0	7	0	9	0	8	0	7	10000000
1080981	1081233	9.27	4	7	3	5	1	1	1	1	1	1	1	1	0	8	0	7	0	9	0	8	10000000
379694	411260	5.93	8	5	5	4	1	1	1	1	1	1	1	1	0	7	0	8	0	7	0	8	10000000
506696	726406	5.53	12	8	6	4	1	1	1	1	1	1	1	1	0	7	0	8	0	7	0	9	44677
308188	452177	4.87	6	10	5	4	1	1	1	1	1	1	1	1	0	7	0	7	0	9	0	8	37958
620091	964210	5.6	8	6	5	4	1	0	1	1	1	0	1	1	0	0	0	0	0	7	0	9	161912
1945666	2049893	5.33	14	4	5	3	1	1	1	1	1	1	1	1	0	9	0	7	0	9	0	8	48785
3279510	3461496	4.73	7	12	4	6	1	1	1	1	0	1	1	1	0	9	0	9	0	8	0	8	10000000
1123360	1172385	7.33	11	8	6	4	0	0	1	1	0	1	1	1	0	0	0	7	0	7	0	7	10000000
1559020	1760616	6.73	2	10	3	6	1	1	1	1	0	1	1	1	0	8	0	7	0	7	0	7	72565
2912799	2942755	6.87	5	14	4	7	1	1	1	1	1	1	1	1	0	9	0	10	0	10	0	8	10000000
2984579	3039490	6.93	12	7	4	7	0	1	1	1	1	0	1	1	0	7	0	0	0	9	0	7	10000000
1364753	1531314	6.4	4	6	4	5	1	1	1	1	0	1	1	1	0	10	0	7	0	7	0	9	79386
2657738	3090180	4.67	12	6	6	4	1	1	1	1	1	1	1	1	0	8	0	7	0	7	0	7	10000000
2354748	2671580	5.2	7	4	5	6	1	1	1	1	0	1	1	1	0	9	0	9	0	7	0	8	10000000
5366342	5498419	5.2	6	6	4	5	1	1	1	1	1	1	1	1	0	8	0	8	0	9	0	7	23036
72792	253479	5.27	11	9	5	7	1	1	1	1	1	1	1	1	0	7	0	7	0	8	0	7	10000000
28078	90212	7.07	11	13	5	5	1	1	1	1	1	0	1	1	0	7	0	0	0	8	0	9	10000000
440534	472475	10.6	9	7	5	4	1	1	1	1	1	0	1	1	0	7	0	0	0	7	0	9	10000000
538590	610593	4.2	8	12	6	4	1	1	1	1	0	1	1	1	0	7	0	8	0	9	0	7	10000000
2922531	2954769	8.13	10	6	5	5	1	0	1	1	0	1	1	1	0	0	0	9	0	7	0	8	10000000
1612153	1643254	6.6	5	8	4	4	1	1	1	1	0	1	1	1	0	8	0	7	0	9	0	8	10000000
3713832	4171578	6.8	5	6	4	5	1	0	1	1	1	1	1	1	0	0	0	7	0	8	0	7	10000000
1748167	2089034	8.13	6	7	3	5	1	1	1	1	1	0	1	1	0	7	0	0	0	7	0	8	8935
234859	306590	6.13	6	12	3	5	1	0	1	1	1	0	1	1	0	0	0	0	0	7	0	7	9061
449434	478473	6.8	9	8	4	5	1	0	1	1	1	0	1	1	0	0	0	0	0	8	0	10	10000000
1751813	3112704	6.07	7	8	4	4	0	1	1	1	0	1	1	1	0	7	0	8	0	10	0	8	10000000
5893740	5924905	5.33	4	5	4	3	1	0	1	1	1	1	0	0	0	0	0	8	0	7	0	0	10000000
259533	370108	7.27	7	8	5	4	0	1	1	1	0	1	1	1	0	7	0	7	0	9	0	9	10000000
501959	1562204	4.93	5	13	4	4	1	1	1	1	0	1	1	1	0	9	0	9	0	8	0	8	438756
4595419	5128188	4.4	14	12	5	6	1	0	1	1	1	1	1	1	0	0	0	7	0	7	0	7	112179
6309679	7193394	6.47	8	10	4	4	1	1	1	1	1	1	0	0	0	8	0	7	0	9	0	0	14990
203206	695727	9.2	10	8	4	4	1	1	1	1	1	1	1	1	0	7	0	7	0	8	0	8	86148
2355041	2385913	8.87	13	14	4	4	1	1	1	1	1	1	1	1	0	7	0	7	0	8	0	9	10000000
1817353	2243328	8.13	12	5	4	5	1	1	1	1	0	1	1	1	0	7	0	8	0	9	0	7	914
3459579	3586873	9.2	8	13	4	4	1	1	1	1	0	0	1	1	0	8	0	0	0	9	0	10	40796
5188175	5190721	9.13	9	7	5	7	1	1	1	1	0	1	1	1	0	8	0	8	0	7	0	8	10000000
138197	432195	4.4	18	11	8	4	1	1	1	1	1	1	1	1	0	8	0	7	0	8	0	9	10000000
46965	49342	5.6	5	7	4	4	0	0	1	1	1	1	0	0	0	0	0	9	0	8	0	0	10000000
473349	1430693	4.93	10	9	6	5	0	0	1	1	1	0	1	1	0	0	0	0	0	8	0	9	51646
158442	1262737	4.8	8	11	5	4	1	1	1	1	1	0	1	1	0	9	0	0	0	7	0	8	2607
449715	809535	8.8	9	6	5	6	0	1	1	1	1	0	1	1	0	7	0	0	0	9	0	8	10000000
110710	503718	5.4	8	6	4	6	1	0	1	1	0	0	1	1	0	0	0	0	0	7	0	12	10000000
627484	652053	4.93	6	6	5	4	1	1	1	1	0	0	1	1	0	7	0	0	0	8	0	8	10000000
1191916	1334500	4.8	7	7	3	5	1	1	1	1	0	1	1	1	0	8	0	12	0	8	0	7	10000000
1213237	2698595	3.47	21	14	8	6	1	1	1	1	1	1	1	1	0	10	0	8	0	9	0	11	116377
75158	117660	4.47	10	12	4	7	1	1	1	1	1	1	1	1	0	11	0	9	0	8	0	8	17378
843337	847759	3.4	17	13	6	6	1	1	1	1	1	0	1	1	0	8	0	0	0	9	0	9	10000000
696887	762218	4.47	11	13	5	4	1	1	1	1	1	1	1	1	0	8	0	8	0	9	0	9	10000000
1057779	1090394	4.2	4	17	7	9	1	1	1	1	1	1	1	1	0	9	0	8	0	7	0	8	10000000
2176568	2222974	6.13	5	17	4	7	0	1	1	1	0	1	1	1	0	8	0	8	0	8	0	8	10000000
3364731	3658606	6.2	7	12	3	5	1	1	1	1	1	1	1	1	0	9	0	9	0	8	0	9	10000000
474736	478903	4.73	11	15	7	5	1	1	1	1	1	1	1	1	0	8	0	9	0	9	0	9	10000000
1075271	1157703	9.87	10	11	5	5	0	1	1	1	1	1	1	1	0	8	0	7	0	8	0	12	10000000
16778	18183	8.6	4	7	3	6	1	0	1	1	0	0	1	1	0	0	0	0	0	7	0	10	10000000
247948	503026	8.33	8	13	5	5	1	1	1	1	1	1	1	1	0	7	0	9	0	8	0	7	25431
315316	385828	8.73	8	10	4	4	1	1	1	1	0	0	1	1	0	9	0	0	0	7	0	8	25852
10969	928857	8.27	7	5	5	4	1	1	1	1	1	1	1	1	0	8	0	8	0	8	0	7	165122
501670	995417	9.33	11	9	4	4	1	0	1	1	1	1	1	1	0	0	0	7	0	8	0	7	10000000
1182960	1207238	9.07	4	6	3	5	0	0	1	1	1	1	1	1	0	0	0	9	0	10	0	8	10000000
605648	642150	3.8	11	5	4	5	1	0	1	1	1	0	1	1	0	0	0	0	0	9	0	7	10000000
1274417	1389186	2.8	15	11	12	8	1	1	1	1	1	1	1	1	0	8	0	7	0	12	0	12	10000000
191306	498561	6.07	10	12	4	4	1	1	1	1	1	1	1	1	0	8	0	8	0	10	0	8	123700
201143	216372	10.4	8	5	4	3	1	1	1	1	1	0	1	1	0	7	0	0	0	7	0	7	10000000
1525968	1563213	9.67	11	4	6	3	1	1	0	0	1	1	1	1	0	8	0	7	0	0	0	7	10000000
2156348	2169220	7.53	6	16	3	5	1	1	1	1	1	0	1	1	0	7	0	0	0	8	0	7	10000000
587142	904008	3.47	10	12	4	4	1	1	1	1	1	1	1	1	0	10	0	7	0	10	0	13	10000000
114185	423967	6.4	6	10	4	4	0	1	1	1	1	1	1	1	0	8	0	8	0	9	0	9	79306
172911	742734	9.53	6	10	5	4	1	1	1	1	1	0	1	1	0	7	0	0	0	8	0	9	117030
98172	166102	7.73	4	18	6	6	0	1	1	1	1	1	1	1	0	8	0	7	0	7	0	10	10000000
413466	1341321	5.2	9	6	4	5	1	1	1	1	1	1	1	1	0	8	0	7	0	7	0	8	66095
533154	1055637	4.67	9	1	5	6	1	1	1	1	1	1	1	1	0	9	0	7	0	7	0	10	10000000
245841	267206	7.67	6	4	3	5	1	1	1	1	1	1	1	1	0	7	0	7	0	8	0	8	10000000
572877	604014	8.2	16	9	5	4	1	0	1	1	1	1	0	0	0	0	0	7	0	7	0	0	10000000
1271930	1309999	7.53	14	6	4	4	1	0	1	1	1	0	1	1	0	0	0	0	0	7	0	8	10000000
2096292	2530738	7.47	7	8	4	4	1	1	1	1	1	0	1	1	0	7	0	0	0	8	0	9	107071
2638912	2658950	7.2	9	6	4	7	1	1	1	1	0	1	1	1	0	7	0	7	0	7	0	9	10000000
2800303	2918941	6.47	6	14	4	7	1	0	1	1	1	1	1	1	0	0	0	9	0	7	0	7	10000000
4680224	4908809	7.8	7	8	3	5	1	1	1	1	1	1	1	1	0	7	0	7	0	7	0	7	109721
38002	43403	8.4	8	4	3	4	1	1	1	1	0	1	1	1	0	7	0	7	0	8	0	8	10000000
2256436	3148896	8.27	9	7	6	5	1	1	1	1	0	1	1	1	0	8	0	7	0	8	0	8	296940
3746455	3757870	7.2	4	9	3	5	1	1	1	1	0	1	1	1	0	7	0	7	0	8	0	10	10000000
54437	83010	4.73	10	17	4	6	1	1	1	1	1	0	1	1	0	8	0	0	0	8	0	7	2728
234809	379957	4.93	6	6	3	5	1	1	1	1	1	1	1	1	0	7	0	9	0	8	0	8	10000000
219280	1258477	10.13	6	12	5	4	0	1	1	1	1	1	1	1	0	9	0	7	0	8	0	8	10000000
71175	317661	4.0	10	7	4	6	1	1	1	1	1	1	1	1	0	9	0	9	0	10	0	8	10000000
7595	90754	9.2	3	9	3	4	1	1	1	1	1	0	0	0	0	7	0	0	0	8	0	0	21914
25827	958688	6.73	6	8	4	5	1	0	1	1	0	0	1	1	0	0	0	0	0	7	0	7	312582
3320188	3344379	9.47	12	8	4	3	1	1	1	1	1	1	1	1	0	7	0	7	0	8	0	8	10000000
146156	413343	6.67	8	10	5	5	1	0	1	1	0	1	1	1	0	0	0	9	0	7	0	9	10000000
3668702	4248545	6.2	4	9	5	5	1	1	1	1	1	1	1	1	0	8	0	7	0	8	0	8	10000000
1006126	1525948	7.73	6	10	5	4	1	0	1	1	0	0	1	1	0	0	0	0	0	9	0	7	95828
2440687	2905544	6.93	6	9	4	3	1	0	1	1	1	0	1	1	0	0	0	0	0	7	0	8	124804
273381	642042	8.73	11	9	4	4	1	1	1	1	1	1	1	1	0	7	0	7	0	8	0	10	19486
44287	201825	5.8	7	2	4	3	1	0	1	1	1	0	1	1	0	0	0	0	0	8	0	7	10000000
707393	1304274	7.8	5	3	4	4	0	1	1	1	1	0	1	1	0	7	0	0	0	8	0	8	10000000
8631	10202	4.73	8	6	5	5	1	1	1	1	1	1	1	1	0	9	0	7	0	11	0	8	10000000
39612	231498	4.4	9	13	5	6	1	1	1	1	1	1	1	1	0	7	0	8	0	11	0	12	10000000
2905163	3561134	4.33	6	9	4	5	1	0	1	1	1	1	1	1	0	0	0	8	0	8	0	8	10000000
8480418	8498144	4.53	8	8	4	5	1	1	1	1	1	1	1	1	0	9	0	8	0	8	0	8	10000000
9138951	9258706	5.6	4	14	4	4	1	1	1	1	1	1	1	1	0	9	0	7	0	7	0	7	10000000
731890	748727	5.47	6	4	4	3	1	1	0	0	1	1	1	1	0	7	0	7	0	0	0	8	10000000
806203	1037590	5.07	7	9	6	4	1	0	1	1	1	1	1	1	0	0	0	7	0	8	0	7	22850
2736318	3498873	6.73	9	3	7	4	0	1	1	1	0	1	1	1	0	7	0	7	0	7	0	10	10000000
1284377	1354132	5.2	7	7	6	4	1	1	1	1	1	1	1	1	0	8	0	7	0	8	0	9	10000000
2223552	2242669	5.73	6	8	6	4	1	0	1	1	0	0	1	1	0	0	0	0	0	8	0	7	10000000
740880	1105808	4.6	13	7	4	5	1	1	1	1	1	1	1	1	0	7	0	7	0	7	0	8	121208
2877352	2883528	5.4	5	11	4	5	1	0	1	1	0	1	1	1	0	0	0	8	0	8	0	7	10000000
531250	595389	6.27	8	5	3	4	1	1	1	1	1	0	1	1	0	7	0	0	0	8	0	9	10000000
