669615	3054786	4.07	10	8	4	4	1	1	1	1	1	1	1	1	9		9	9		9	229574
4871726	4946461	3.33	5	14	4	5	1	1	1	1	1	1	1	1	8		8	10		10	10000000
5505343	6685973	3.53	7	13	4	7	1	1	1	1	1	1	1	1	8		8	8		9	311255
264744	1085574	6.53	4	6	5	6	1	1	1	1	1	1	1	1	8		7	8		7	12415
2775626	2827331	4.8	10	5	4	4	0	1	1	1	1	0	1	1	9		0	7		8	10000000
596518	644616	7.2	2	2	3	3	0	1	1	1	1	0	1	1	8		0	7		7	10000000
1551400	1574518	6.2	6	9	5	5	1	1	1	1	0	0	1	1	7		0	9		7	10000000
2694284	2702756	7.8	10	4	5	6	1	1	0	0	1	1	1	1	7		7	0		8	10000000
3857201	3884826	7.8	5	5	3	4	0	1	1	1	1	0	1	1	8		0	8		9	10000000
4626524	4723824	5.8	9	9	5	5	1	1	1	1	0	1	1	1	7		8	8		8	10000000
844345	960524	5.8	6	4	3	3	0	1	1	1	1	1	0	0	8		7	7		0	10000000
2757077	2802287	4.87	5	7	3	4	0	1	1	1	1	1	1	1	8		7	9		9	10000000
3743241	4281874	5.33	7	10	3	4	1	1	1	1	1	1	1	1	7		7	9		7	10000000
4466352	4480559	6.2	2	9	3	6	0	1	1	1	1	1	1	1	8		9	9		8	10000000
260537	460304	9.27	7	15	4	5	1	1	1	1	1	1	1	1	9		7	8		8	10000000
393745	425220	5.0	7	4	3	3	1	1	1	1	1	1	1	1	11		9	7		8	10000000
735054	838241	5.6	10	3	5	5	0	1	1	1	0	1	1	1	8		8	7		9	10000000
305741	364083	4.8	8	9	5	4	0	1	1	1	1	1	1	1	8		9	8		8	10000000
1369561	1460754	3.73	10	8	6	4	1	1	1	1	1	1	1	1	7		7	7		8	10000000
2310043	2335907	5.87	4	7	5	4	1	1	1	1	0	1	1	1	8		8	10		8	10000000
2646183	3435453	5.53	9	8	6	4	0	1	1	1	0	1	1	1	8		7	8		8	10000000
2402	631730	5.73	5	8	5	3	1	1	1	1	1	0	1	1	7		0	7		9	10000000
1251771	1366285	6.8	9	11	5	5	0	1	1	1	1	0	1	1	7		0	7		7	10000000
2585601	2821299	7.93	11	5	6	4	0	1	1	1	0	0	1	1	7		0	7		8	23856
2988627	2994210	6.33	4	8	4	5	1	1	1	1	1	1	1	1	7		7	8		9	10000000
1258905	1285515	6.27	4	9	4	5	1	1	1	1	1	0	1	1	8		0	7		7	10000000
2800087	3145442	6.2	9	9	4	5	0	1	1	1	0	1	1	1	9		7	8		7	10000000
852553	1955403	5.6	6	5	4	4	1	0	1	1	1	1	1	1	0		7	8		7	260323
3498655	3967941	6.33	9	11	4	4	0	1	1	1	0	1	1	1	7		9	9		7	69813
186855	207489	5.47	7	9	4	4	1	1	0	0	0	1	1	1	10		7	0		9	10000000
74681	95837	9.4	8	5	4	6	1	0	1	1	1	1	1	1	0		7	8		9	10000000
373385	399576	8.4	11	7	6	4	1	0	0	0	0	1	1	1	0		8	0		8	10000000
455910	740543	3.6	12	7	6	4	1	1	1	1	1	1	1	1	8		9	9		8	10000000
2333313	3247089	7.73	6	13	5	4	0	1	1	1	0	1	1	1	7		7	7		8	120840
348609	1158163	9.27	5	10	3	4	1	1	1	1	1	1	1	1	7		7	7		9	148076
4441710	4500021	6.47	10	5	4	3	0	1	0	0	1	1	1	1	8		7	0		8	10000000
577112	1660158	7.8	4	10	3	4	1	1	1	1	0	1	1	1	7		7	7		8	13016
22094	37716	6.93	3	3	5	5	1	0	1	1	1	1	1	1	0		7	7		11	10000000
421065	473419	5.73	17	7	5	4	1	1	1	1	1	0	1	1	8		0	8		7	10000000
1579894	2727159	5.93	3	11	3	6	1	1	1	1	1	1	1	1	7		7	8		7	42956
5258618	5571519	5.67	6	5	3	3	1	1	1	1	0	1	1	1	7		7	9		7	110321
26996	308155	6.93	9	10	3	5	1	0	1	1	0	1	1	1	0		9	8		7	10000000
1152280	1611676	4.67	10	12	3	5	1	1	1	1	1	1	1	1	9		7	9		9	10000000
3938204	4314366	4.67	8	8	4	5	1	1	1	1	0	1	1	1	7		8	8		12	10000000
6763629	7872014	6.0	11	3	9	3	1	1	1	1	1	1	1	1	7		7	8		7	10000000
1285403	1866996	8.33	12	7	4	5	0	1	1	1	0	1	1	1	7		9	9		9	72790
2008223	2100245	10.13	15	8	5	5	1	1	1	1	1	1	1	1	9		7	7		9	38781
1065743	1813770	7.8	4	7	4	4	1	1	1	1	1	1	1	1	7		7	8		7	63145
3079625	3146410	8.4	5	9	4	6	1	1	1	1	1	0	1	1	9		0	7		8	10232
3958524	5183363	7.67	7	8	5	5	1	1	1	1	0	0	1	1	7		0	8		8	43662
377040	472850	4.6	4	8	3	5	1	1	1	1	1	1	1	1	8		8	7		8	10000000
28262	46745	5.0	6	9	4	6	1	1	1	1	1	0	1	1	7		0	14		11	10000000
1014356	2263006	5.07	10	7	4	4	0	1	1	1	0	1	1	1	8		7	7		10	277207
2316065	2316090	7.0	7	7	4	4	1	1	1	1	0	0	1	1	7		0	190		7	10000000
1075061	1156816	8.07	13	11	6	5	0	0	1	1	0	0	1	1	0		0	8		9	10000000
249516	253512	4.53	5	17	6	5	1	1	1	1	1	1	1	1	8		9	7		8	10000000
635669	648972	5.27	7	3	5	5	1	1	1	1	0	1	1	1	7		8	9		9	10000000
1265979	2104796	5.53	9	9	4	5	1	1	1	1	1	1	1	1	7		7	9		8	155533
1897320	2776298	5.67	7	6	5	5	1	0	1	1	0	1	1	1	0		7	7		8	134707
55412	106398	5.0	14	7	5	4	1	0	1	1	1	1	1	1	0		8	11		11	12633
332727	685046	4.4	18	9	8	4	1	1	1	1	1	1	1	1	9		8	9		8	32623
676755	794948	3.27	16	6	10	4	1	1	1	1	1	1	1	1	8		7	10		8	10000000
981587	1001758	3.93	11	13	6	5	1	1	1	1	1	1	1	1	8		8	10		8	10000000
2642559	2986236	3.47	17	10	5	6	1	1	1	1	1	1	1	1	9		9	9		10	10000000
3687114	3747714	5.27	9	12	6	4	1	1	1	1	1	1	1	1	9		9	7		9	10000000
463020	507660	3.6	8	6	6	6	1	1	1	1	1	1	1	1	8		7	9		8	10000000
253680	1171467	10.2	7	7	7	4	1	0	1	1	1	0	1	1	0		0	9		10	10000000
10017	11115	8.87	9	10	5	4	0	0	1	1	0	1	1	1	0		8	7		8	10000000
634185	738181	9.47	12	12	8	6	1	1	1	1	1	1	1	1	7		10	8		8	17407
19165	295269	8.53	9	6	8	6	1	1	1	1	0	1	1	1	7		7	7		7	29378
956593	993637	8.67	15	7	4	5	0	0	1	1	0	1	1	1	0		7	7		8	10000000
860826	1023161	9.4	6	8	5	4	0	1	1	1	1	0	1	1	7		0	8		10	10000000
1318792	1355364	9.33	5	9	6	4	0	0	1	1	1	1	1	1	0		8	8		7	10000000
609366	968931	4.2	8	7	4	4	1	1	1	1	1	1	1	1	7		7	8		9	64996
1029182	1172886	3.93	8	4	6	5	1	1	1	1	1	1	1	1	8		8	7		8	10000000
107763	744163	3.47	9	5	5	6	1	0	1	1	1	1	1	1	0		7	8		8	7931
236660	270305	9.87	13	10	5	4	1	1	1	1	1	1	1	1	8		7	10		8	10000000
590602	1563561	8.47	3	6	4	4	1	1	1	1	1	1	1	1	8		7	7		7	2533
1702304	2002010	7.4	10	8	6	4	1	1	1	1	0	1	1	1	9		7	8		11	55500
467113	839375	3.93	5	16	5	4	1	1	1	1	1	1	1	1	8		7	8		11	10000000
149049	315936	7.27	7	9	4	4	0	0	1	1	1	1	1	1	0		9	9		9	10000000
421996	522071	9.4	8	6	5	5	1	0	1	1	0	0	1	1	0		0	8		7	10000000
116520	143231	9.47	15	10	4	5	1	1	1	1	1	1	1	1	7		7	7		8	10000000
870565	1197412	5.47	8	6	6	4	1	1	1	1	1	0	1	1	7		0	10		8	10000000
1338379	1946523	4.33	6	8	4	7	1	1	1	1	0	0	1	1	10		0	7		8	129109
106548	133787	6.13	8	15	5	5	1	1	1	1	1	1	1	1	7		11	8		9	10000000
1024815	1151385	6.8	7	5	5	4	1	1	1	1	1	1	0	0	7		9	8		0	10000000
1223201	1339021	7.13	7	11	6	4	1	1	1	1	1	1	1	1	8		7	7		8	22839
2093278	2514512	9.13	7	6	4	4	1	0	1	1	1	1	1	1	0		7	8		7	110085
2662807	2664807	7.53	8	6	5	4	1	1	1	1	1	1	1	1	7		7	7		8	10000000
3037586	3119628	6.8	7	4	5	4	1	1	1	1	0	0	1	1	8		0	8		8	10000000
4364146	4485949	6.4	5	7	5	4	0	1	1	1	0	0	1	1	8		0	9		9	10000000
45298	190360	6.6	7	5	4	3	1	1	1	1	0	1	1	1	7		7	7		7	10000000
566504	3582169	6.87	6	9	4	4	1	0	1	1	1	1	0	0	0		7	8		0	389591
3728431	3728682	7.4	6	7	4	4	1	1	1	1	0	0	1	1	8		0	7		8	10000000
19748	30964	5.07	8	10	6	5	1	1	1	1	1	1	1	1	7		9	9		8	10000000
288535	365676	5.2	12	11	4	5	0	1	1	1	1	1	1	1	8		7	8		8	10000000
544294	600157	9.2	12	16	5	5	1	1	0	0	1	1	1	1	8		8	0		10	10000000
73214	207799	3.93	10	13	3	6	1	1	1	1	1	0	1	1	8		0	10		12	10000000
11307	75385	9.0	7	5	5	3	1	1	1	1	1	1	1	1	7		8	8		8	6545
82666	2259096	7.27	3	5	3	3	1	1	1	1	1	1	1	1	7		7	7		7	372628
3131938	3347246	6.73	10	5	5	4	1	0	1	1	0	1	0	0	0		7	7		0	10000000
451377	452321	7.67	4	4	3	5	0	1	1	1	1	0	1	1	8		0	8		9	10000000
4244127	4463251	6.87	4	8	3	4	1	1	1	1	0	0	1	1	8		0	7		10	95639
478730	1286773	7.47	3	10	3	5	0	1	1	1	0	1	1	1	7		8	9		7	86035
3256590	3739154	6.0	5	6	5	4	1	0	1	1	0	0	1	1	0		0	7		7	10000000
144363	550332	9.4	8	9	5	4	0	1	1	1	1	1	1	1	15		7	7		9	198286
275564	294334	6.53	8	4	3	5	0	1	1	1	0	1	0	0	7		10	7		0	10000000
1611864	3301279	6.8	2	6	3	4	1	1	1	1	1	1	1	1	10		7	7		10	69128
3576	5794	4.53	7	4	3	5	1	1	1	1	0	1	1	1	8		7	7		8	10000000
29037	80477	4.6	9	10	3	5	1	1	1	1	1	1	1	1	8		7	8		8	10000000
1900735	3604009	3.6	12	16	5	4	1	1	1	1	1	1	1	1	8		14	10		9	207673
8242226	8362221	3.67	7	13	5	6	1	1	1	1	1	1	1	1	7		9	11		8	10000000
9365396	9434571	3.93	9	5	6	6	1	1	1	1	1	0	1	1	7		0	10		9	10000000
187813	544516	5.27	9	10	4	5	1	1	1	1	0	1	1	1	8		7	7		8	164767
1579092	1654076	5.67	6	5	4	5	0	0	1	1	1	1	1	1	0		9	8		8	10000000
2397097	3406531	5.13	10	16	3	4	1	1	1	1	1	1	1	1	8		7	10		7	47649
77132	931675	5.0	8	7	5	4	1	0	1	1	1	1	1	1	0		7	8		8	68517
2212200	2222376	5.67	10	7	4	4	1	1	1	1	0	1	1	1	8		8	8		7	10000000
1076266	1564229	4.2	14	4	6	4	1	0	1	1	1	0	1	1	0		0	8		9	118231
2464135	2476842	5.27	6	7	4	4	1	1	1	1	0	0	1	1	10		0	10		10	10000000
852463	914903	6.47	6	4	5	4	1	1	1	1	1	0	1	1	7		0	7		8	10000000
