3657648	3753144	3.0	14	12	4	7	1	1	1	1	1	1	1	1	11		8	7		10	10000000
4483760	4550800	5.07	8	14	6	6	1	1	1	1	0	1	1	1	7		8	9		8	10000000
5554505	6668381	4.47	10	10	4	4	1	1	1	1	1	1	1	1	9		8	8		8	262093
867339	936086	6.93	5	10	5	5	0	1	1	1	0	1	1	1	8		8	10		7	32700
2679071	4278115	8.2	9	6	3	3	0	1	1	1	1	1	1	1	7		8	7		8	143079
479378	783455	6.87	10	7	3	4	0	1	1	1	1	0	1	1	8		0	9		7	10000000
1074638	1441327	10.6	9	3	4	3	1	1	1	1	1	1	1	1	7		7	7		7	137994
1869584	2974836	7.53	3	6	3	5	1	1	1	1	1	0	1	1	7		0	7		7	34859
3628169	3658996	8.8	14	6	5	4	1	1	1	1	1	1	1	1	7		7	8		8	10000000
4601898	4678623	8.47	12	10	5	6	0	1	1	1	1	0	1	1	8		0	8		7	10000000
549004	1816579	6.0	6	10	4	6	0	1	1	1	1	1	1	1	8		7	8		8	62281
2670663	2677224	5.53	4	7	4	6	1	1	1	1	0	1	1	1	7		9	9		9	10000000
3829540	3854906	4.87	6	6	4	8	1	1	1	1	1	0	1	1	7		0	8		8	10000000
4443111	4445811	5.2	11	4	5	5	1	1	1	1	1	1	1	1	9		7	8		9	10000000
1133949	1261264	9.67	8	12	4	8	1	1	1	1	0	1	1	1	7		8	7		11	43189
251873	383238	7.47	10	7	4	5	1	1	1	1	1	0	1	1	7		0	8		8	10000000
805775	867943	5.67	10	7	4	6	1	1	1	1	1	1	1	1	7		7	8		7	10000000
311336	343202	4.47	4	5	3	4	1	1	1	1	1	1	1	1	7		10	9		10	10000000
1425916	1792431	6.47	10	7	3	4	1	1	1	1	1	1	1	1	7		7	7		9	89408
2382395	2433442	4.73	9	13	4	5	0	1	1	1	1	0	1	1	7		0	9		7	10000000
3501013	3510600	5.47	6	7	4	6	1	1	1	1	0	1	1	1	7		9	8		8	10000000
567719	742874	6.53	2	8	3	5	0	0	1	1	0	0	1	1	0		0	8		7	10000000
65609	1295706	6.47	6	7	5	5	1	0	1	1	0	1	1	1	0		9	7		8	119533
2368744	2539168	6.07	12	10	4	4	1	1	1	1	1	1	1	1	8		8	8		8	61831
2971748	2987923	6.33	7	3	5	4	1	0	1	1	1	1	1	1	0		7	7		8	1014
134320	1264600	5.6	8	6	5	3	1	1	1	1	0	1	1	1	7		8	10		8	63574
2810757	2944307	7.27	8	9	4	4	1	1	1	1	0	1	1	1	10		8	7		8	10000000
1963660	3290522	5.87	5	3	5	4	1	1	1	1	1	1	1	1	8		7	7		9	64860
3845613	4514494	6.73	6	6	4	4	1	1	1	1	1	1	1	1	8		7	7		7	123178
208747	350704	6.2	5	7	4	4	0	1	1	1	0	1	0	0	7		7	7		0	23436
35426	63728	9.2	9	9	6	4	1	1	1	1	0	1	1	1	8		7	7		9	10000000
262885	313107	9.73	15	11	9	4	1	1	1	1	1	0	1	1	7		0	8		8	10000000
650747	779973	4.4	5	10	7	3	1	1	1	1	0	0	1	1	9		0	8		8	10000000
9770	3019878	7.6	8	6	4	5	1	1	1	1	1	0	1	1	7		0	7		8	361580
434148	2195892	7.0	14	5	4	3	1	1	1	1	0	1	1	1	8		7	7		7	262334
4064279	4290220	6.73	7	6	4	6	1	1	1	1	1	1	1	1	7		8	8		8	10000000
879795	1251933	7.47	10	9	5	4	1	0	1	1	0	1	1	1	0		10	8		7	97948
87189	111262	7.4	4	6	3	4	0	1	1	1	1	1	1	1	7		7	7		9	10000000
517074	522970	5.93	7	8	6	5	1	0	1	1	0	0	1	1	0		0	7		8	10000000
1093151	4037287	6.33	5	13	4	4	1	0	1	1	0	1	1	1	0		8	8		8	16490
4996908	5796938	5.67	2	4	4	4	1	1	1	1	1	1	1	1	7		7	9		7	198693
290348	335768	7.53	8	3	3	3	1	1	1	1	1	0	1	1	7		0	7		8	10000000
154283	1631539	4.67	6	11	4	4	1	1	1	1	1	0	1	1	7		0	8		9	29866
2221192	3337360	5.6	8	17	5	6	1	1	1	1	1	1	1	1	9		10	7		8	91479
8507292	8659970	4.93	9	9	5	5	1	1	1	1	1	1	1	1	7		14	8		8	10000000
1100611	1622338	9.47	10	12	5	5	1	1	1	1	1	1	1	1	7		20	7		9	21368
2085535	2400280	8.67	5	9	5	5	1	1	1	1	0	1	1	1	7		11	8		12	78288
1736125	2764926	8.27	8	8	4	4	1	1	1	1	0	1	1	1	7		7	7		8	118887
3407624	3642886	8.2	5	10	5	4	0	1	1	1	0	1	1	1	8		10	7		7	96809
4793312	5220627	7.8	9	6	4	4	1	1	1	1	0	1	1	1	8		8	7		7	129716
415126	516240	4.87	15	5	8	5	1	1	1	1	0	1	1	1	11		7	9		8	10000000
25971	43076	4.67	6	12	4	4	1	1	1	1	1	0	1	1	7		0	8		8	10000000
751679	1217722	5.67	4	13	4	3	1	0	1	1	0	1	1	1	0		7	7		8	10000000
915968	1728885	4.6	11	9	5	4	1	1	0	0	1	1	1	1	7		10	0		7	10000000
563385	1131114	7.93	8	7	4	5	0	1	1	1	0	1	1	1	7		7	8		7	234889
4252	323188	5.6	13	7	4	4	1	1	0	0	1	1	1	1	7		8	0		7	10000000
609672	645781	4.8	7	5	5	5	1	1	1	1	0	1	1	1	11		7	9		9	10000000
1076086	1517471	4.6	1	5	3	5	1	1	1	1	1	1	1	1	7		7	10		7	73670
3331361	3627931	4.47	9	12	9	6	1	0	1	1	1	1	1	1	0		7	9		10	10000000
90463	143464	5.47	5	8	4	4	0	1	1	1	1	1	1	1	8		9	8		9	2073
346137	671973	4.8	9	13	5	6	1	1	1	1	1	1	1	1	8		11	8		10	19550
709047	767233	3.93	11	8	5	5	1	1	1	1	1	1	1	1	8		8	10		12	10000000
1086899	1088223	4.4	10	4	7	3	1	1	1	1	1	1	1	1	7		10	8		10	10000000
2220696	2670133	5.0	4	7	4	3	1	0	1	1	1	1	1	1	0		8	9		10	10000000
3529184	3704640	4.93	15	12	7	4	1	1	1	1	1	1	1	1	9		8	8		8	10000000
443206	465064	3.87	12	11	6	5	1	1	1	1	1	1	1	1	10		9	9		9	10000000
840440	928245	8.67	10	13	6	6	1	1	1	1	1	1	1	1	8		10	7		10	10000000
758	2726	9.6	11	13	4	5	0	1	1	1	1	1	1	1	8		7	8		7	10000000
395990	481127	9.73	14	15	4	6	0	1	1	1	1	0	1	1	7		0	8		9	3532
328858	366385	9.07	7	5	4	4	1	1	1	1	1	1	1	1	7		7	8		7	6409
417744	490143	8.87	9	9	4	6	1	1	1	1	1	0	1	1	7		0	8		7	10000000
996606	1023958	8.47	13	8	4	5	1	1	1	1	1	1	1	1	8		7	8		8	10000000
1296393	1304199	10.67	10	5	5	3	1	1	1	1	1	1	1	1	7		8	9		8	10000000
945514	956376	5.47	9	7	5	4	1	0	1	1	1	1	1	1	0		8	7		9	10000000
1144892	1198654	5.2	7	7	5	3	1	1	1	1	0	0	1	1	8		0	7		8	10000000
771495	789583	5.53	11	8	5	5	1	1	1	1	0	1	1	1	8		7	10		7	10000000
166373	232441	9.87	12	18	5	4	1	1	1	1	1	0	1	1	7		0	7		7	10000000
1306992	1502700	7.13	8	5	6	5	1	1	1	1	0	1	1	1	7		10	7		8	40429
2114577	2212657	7.8	6	5	4	5	0	1	1	1	0	1	1	1	9		8	7		8	10000000
348358	1304094	3.67	10	10	6	5	1	1	1	1	1	1	1	1	7		7	10		8	385662
148414	198511	6.53	3	4	4	3	1	1	1	1	1	0	1	1	8		0	9		7	10000000
285487	672508	9.67	6	7	7	8	1	1	1	1	1	1	1	1	7		7	8		8	4454
115540	139461	9.93	12	8	6	7	1	1	1	1	0	1	1	1	9		7	7		9	10000000
73955	792085	5.73	4	10	3	5	0	1	1	1	1	0	1	1	8		0	7		7	70660
602216	1774605	4.33	11	5	4	3	1	1	1	1	1	1	1	1	7		7	7		7	18804
241815	298450	10.87	18	6	6	5	1	0	1	1	0	1	1	1	0		7	7		9	10000000
921154	935499	7.13	6	8	3	5	0	0	1	1	1	1	1	1	0		9	7		12	10000000
1286451	1294079	4.93	5	7	4	4	1	1	1	1	0	0	1	1	9		0	11		7	10000000
2478638	2495498	7.0	8	8	5	6	1	0	1	1	0	1	1	1	0		7	9		10	10000000
2659893	2662891	7.6	8	8	4	4	1	0	1	1	1	1	1	1	0		7	7		7	10000000
3138927	3182640	7.33	7	10	4	4	1	0	1	1	1	1	1	1	0		7	7		7	10000000
3813298	3896953	6.93	3	8	5	4	1	0	1	1	0	1	1	1	0		11	8		7	38935
7844	164442	8.53	7	8	5	4	1	0	1	1	0	1	1	1	0		7	9		8	10000000
3201226	3325709	7.0	5	12	5	5	1	1	1	1	1	1	1	1	7		7	10		7	10000000
3752591	3760985	6.4	3	8	4	4	1	1	1	1	0	1	1	1	7		7	7		7	10000000
101766	131712	4.8	9	5	5	4	1	1	1	1	1	0	1	1	7		0	13		8	10000000
381635	546839	5.2	11	9	7	5	1	1	1	1	1	1	1	1	8		7	8		8	10000000
638790	1057582	9.47	9	16	6	6	0	1	1	1	1	1	1	1	7		8	7		9	10000000
364604	397404	3.8	9	9	5	5	0	1	1	1	1	1	1	1	7		8	8		8	10000000
21512	53326	6.0	6	2	4	3	1	1	1	1	0	1	1	1	8		7	9		7	10000000
1772784	1836020	7.73	4	10	3	5	1	0	1	1	0	0	0	0	0		0	8		0	10000000
2957676	3327604	7.2	4	9	4	4	0	1	1	1	1	1	1	1	8		8	7		8	91350
511052	518599	7.2	5	8	5	5	1	0	1	1	1	0	1	1	0		0	8		8	10000000
719694	3531754	6.73	4	3	4	3	1	1	1	1	1	0	1	1	7		0	7		7	64190
502574	1664126	7.0	7	10	6	5	1	0	1	1	1	0	1	1	0		0	7		10	26824
4268283	4416471	6.27	10	10	6	4	0	1	1	1	1	1	1	1	8		12	8		7	10000000
537392	1327054	8.13	5	14	4	6	1	1	1	1	0	1	1	1	7		7	8		8	84100
345093	381114	8.2	10	8	4	5	1	1	1	1	1	1	1	1	8		8	9		8	10000000
1129491	1522185	5.47	8	6	4	3	0	1	1	1	1	1	1	1	8		11	7		9	195623
489	7338	3.8	11	9	4	6	1	1	1	1	1	1	1	1	7		7	7		8	10000000
124440	357988	3.67	9	12	4	6	1	1	1	1	1	1	1	1	8		9	8		11	10000000
2151317	4969783	3.2	15	5	5	3	1	1	1	1	1	1	1	1	9		8	9		9	109802
7807347	7896718	3.8	6	12	4	4	1	1	1	1	1	1	1	1	8		9	9		9	23471
9410030	9416074	4.93	5	17	4	6	1	1	1	1	1	1	1	1	9		7	8		8	10000000
579243	709741	5.13	10	10	5	6	1	1	1	1	1	1	1	1	7		9	7		11	56663
1503026	1573033	5.87	5	6	4	4	1	1	1	1	1	1	1	1	8		7	10		7	10000000
105504	2439424	5.8	11	8	6	3	1	1	1	1	1	1	1	1	10		7	9		8	875218
359358	1734223	5.13	10	6	5	4	1	0	1	1	1	1	1	1	0		8	8		8	138321
1984668	1996386	4.27	9	12	4	5	1	1	1	1	1	0	1	1	7		0	7		7	10000000
1795729	1829271	4.93	11	7	4	4	0	1	1	1	1	1	1	1	7		8	8		10	6543
2380771	2473013	3.8	9	4	4	4	1	1	1	1	1	0	1	1	8		0	8		8	10000000
377760	679877	7.8	13	8	5	8	0	1	1	1	0	1	1	1	7		8	9		7	66096
