4318314	4362228	5.27	6	7	3	5	1	1	1	1	0	1	1	1	0	7	0	8	0	7	0	9	13846
4658420	4667556	2.73	13	7	5	5	1	1	1	1	0	1	1	1	0	9	0	7	0	10	0	7	10000000
7312876	7562068	4.13	7	10	6	5	1	1	1	1	0	1	1	1	0	11	0	10	0	8	0	9	10000000
609492	958469	3.73	8	10	4	7	1	1	1	1	1	0	1	1	0	8	0	0	0	7	0	8	55083
4080051	4206767	6.53	9	5	5	4	1	0	1	1	1	1	1	1	0	0	0	9	0	9	0	8	53927
154370	574388	6.73	3	12	5	4	0	1	1	1	1	0	1	1	0	8	0	0	0	7	0	9	10000000
1282686	1498460	6.87	2	8	4	4	1	1	1	1	0	0	1	1	0	8	0	0	0	8	0	8	19406
2265196	2837615	7.47	8	9	5	6	1	0	1	1	1	1	1	1	0	0	0	7	0	7	0	8	127309
3892622	4085113	4.53	7	11	4	5	1	1	1	1	1	1	1	1	0	7	0	8	0	7	0	7	10000000
4266023	4545431	7.0	3	6	4	4	0	0	1	1	1	1	1	1	0	0	0	8	0	7	0	9	10000000
1804542	1846014	5.33	8	8	4	7	0	1	1	1	0	1	1	1	0	8	0	7	0	7	0	8	17804
2798747	2811256	5.93	8	5	5	3	0	0	1	1	0	1	1	1	0	0	0	7	0	7	0	9	10000000
4218701	4319882	6.33	8	1	5	5	1	0	1	1	0	0	1	1	0	0	0	0	0	9	0	7	10000000
4451374	4453705	4.67	4	11	4	4	1	1	1	1	1	1	1	1	0	8	0	7	0	9	0	8	10000000
282084	282345	9.33	6	10	5	5	1	1	1	1	1	1	1	1	0	7	0	7	0	10	0	7	10000000
369219	410898	4.73	10	5	5	4	1	0	1	1	1	0	1	1	0	0	0	0	0	9	0	8	10000000
530848	599604	5.0	6	4	6	8	1	1	1	1	1	0	1	1	0	8	0	0	0	7	0	8	10000000
152428	193499	4.47	10	8	5	3	1	1	1	1	1	1	1	1	0	8	0	8	0	9	0	9	10000000
1505232	1536353	3.93	7	12	3	7	1	1	1	1	1	1	1	1	0	7	0	7	0	9	0	7	10000000
2100158	2333347	4.4	9	7	4	4	1	1	1	1	0	1	1	1	0	7	0	9	0	10	0	9	10000000
3082032	3436511	4.47	11	14	5	5	1	0	1	1	1	0	1	1	0	0	0	0	0	7	0	7	10000000
1182975	1326538	6.87	9	4	4	3	1	0	1	1	1	0	1	1	0	0	0	0	0	7	0	8	10000000
1642673	1906600	7.27	5	6	3	3	0	1	1	1	0	1	1	1	0	9	0	7	0	8	0	8	10000000
2678265	2934068	5.73	10	6	5	4	1	1	1	1	1	1	1	1	0	7	0	8	0	9	0	8	76435
2999794	3030462	6.93	2	2	5	3	1	1	1	1	0	1	1	1	0	7	0	7	0	10	0	7	10000000
1374254	1579567	5.93	7	7	5	4	1	1	1	1	0	1	1	1	0	8	0	8	0	8	0	7	16023
3180796	3327888	6.33	6	4	3	3	1	1	1	1	1	1	1	1	0	7	0	9	0	7	0	7	44060
2674958	2825853	5.73	5	2	4	3	1	1	1	1	1	1	1	1	0	7	0	7	0	7	0	10	10000000
5197165	5380892	6.67	6	3	4	3	1	1	1	1	1	1	0	0	0	8	0	7	0	9	0	0	10000000
5590	372518	4.93	6	12	4	4	1	1	1	1	0	1	1	1	0	8	0	7	0	9	0	8	45250
47989	96106	8.47	4	1	5	5	1	1	1	1	0	0	1	1	0	7	0	0	0	7	0	8	10000000
340879	552935	8.8	10	8	4	5	1	1	0	0	1	1	1	1	0	7	0	7	0	0	0	8	10000000
326001	467985	4.53	6	8	4	4	1	0	1	1	1	1	1	1	0	0	0	8	0	8	0	13	10000000
2525621	3078962	7.87	5	7	3	4	1	1	1	1	1	1	1	1	0	9	0	8	0	7	0	7	131814
423549	2208861	6.93	4	4	4	3	0	0	1	1	1	1	1	1	0	0	0	8	0	9	0	9	275303
3582022	3584966	6.8	3	6	3	5	0	1	1	1	1	0	1	1	0	9	0	0	0	8	0	7	10000000
2127056	2200762	7.47	8	12	3	4	0	1	1	1	1	1	1	1	0	7	0	7	0	7	0	7	10000000
275459	301213	5.0	8	9	4	4	1	1	1	1	1	1	1	1	0	7	0	9	0	8	0	7	10000000
563162	570168	5.4	8	5	5	4	1	1	1	1	1	0	1	1	0	7	0	0	0	7	0	10	10000000
4108570	4235694	4.8	5	3	6	3	1	0	1	1	1	1	1	1	0	0	0	9	0	8	0	9	10000000
5920589	5941619	5.53	7	5	3	3	1	1	1	1	1	1	1	1	0	7	0	8	0	7	0	8	10000000
223823	336829	8.13	5	9	3	4	1	1	1	1	0	1	0	0	0	7	0	7	0	8	0	0	10000000
1275311	1383765	4.8	4	10	5	4	1	1	1	1	1	1	1	1	0	7	0	7	0	9	0	9	10000000
4999304	5370156	5.6	10	7	5	5	1	1	1	1	1	1	1	1	0	8	0	7	0	7	0	9	15539
5808817	8250277	3.93	15	11	4	6	1	1	1	1	1	1	1	1	0	7	0	7	0	11	0	12	310924
782852	1881703	10.2	5	13	5	4	0	1	1	1	1	1	1	1	0	8	0	10	0	11	0	7	87497
2111742	2229706	9.93	6	3	4	4	1	1	0	0	1	0	0	0	0	7	0	0	0	0	0	0	23133
1322380	2648467	7.93	4	9	4	5	1	1	1	1	1	0	1	1	0	8	0	0	0	9	0	8	91137
2987530	3036761	8.13	4	15	5	5	0	1	1	1	0	0	1	1	0	9	0	0	0	8	0	7	10000000
4453103	4687745	6.87	6	6	3	5	1	1	1	1	1	1	1	1	0	7	0	7	0	7	0	8	29928
254820	450333	5.47	7	11	4	5	0	1	1	1	0	1	1	1	0	10	0	7	0	8	0	9	10000000
17228	25343	5.0	6	7	4	5	1	1	1	1	1	1	1	1	0	7	0	7	0	7	0	10	10000000
202636	512638	4.93	7	5	4	5	1	1	1	1	1	1	1	1	0	7	0	10	0	8	0	8	10000000
1219624	1925039	5.87	12	8	6	6	1	1	1	1	0	1	1	1	0	7	0	7	0	7	0	8	48794
22737	354313	7.93	8	12	5	6	0	1	1	1	0	1	1	1	0	9	0	8	0	9	0	10	10000000
134664	248356	5.6	13	6	5	5	1	0	1	1	1	0	1	1	0	0	0	0	0	8	0	10	10000000
647191	651424	4.6	11	8	7	4	1	0	1	1	1	1	1	1	0	0	0	7	0	8	0	8	10000000
2235636	3051828	5.87	7	10	5	6	1	0	1	1	1	1	1	1	0	0	0	8	0	7	0	10	164544
3211950	3551930	5.33	8	11	5	5	1	1	1	1	0	1	1	1	0	11	0	8	0	9	0	8	40205
98111	135138	4.4	12	10	5	4	1	1	1	1	1	1	1	1	0	8	0	7	0	9	0	12	10000000
577332	627198	4.33	9	6	5	3	1	0	1	1	0	0	1	1	0	0	0	0	0	13	0	10	10000000
502008	788645	5.0	8	9	6	4	1	1	1	1	1	1	1	1	0	8	0	11	0	9	0	8	135425
1036498	1040497	4.4	17	6	5	3	1	1	1	1	1	1	1	1	0	7	0	8	0	7	0	8	10000000
1907226	2684299	5.0	12	12	4	5	1	1	1	1	1	0	1	1	0	8	0	0	0	9	0	9	68067
3753804	3797343	5.13	12	9	4	5	1	1	1	1	0	1	1	1	0	8	0	7	0	8	0	8	10000000
240954	515616	3.53	13	4	5	3	1	1	1	1	1	1	1	1	0	7	0	8	0	9	0	8	10000000
1072319	1094460	9.6	11	12	4	7	1	1	1	1	1	1	1	1	0	9	0	10	0	9	0	7	10000000
4234	17192	9.67	11	7	4	4	1	0	1	1	1	0	1	1	0	0	0	0	0	8	0	8	10000000
632147	732893	10.27	15	8	5	3	1	1	1	1	1	1	1	1	0	7	0	7	0	8	0	8	19445
116460	209368	9.27	11	11	6	5	1	1	1	1	0	1	1	1	0	8	0	8	0	8	0	7	10000000
618366	921530	7.93	8	14	4	5	0	1	1	1	1	1	1	1	0	7	0	8	0	7	0	8	10000000
23747	1014983	9.33	7	7	4	4	1	1	1	1	0	1	1	1	0	7	0	7	0	9	0	7	152344
1312269	1353940	8.4	5	7	4	4	1	1	1	1	0	1	1	1	0	9	0	8	0	9	0	10	10000000
341375	346631	4.2	13	6	8	6	1	1	1	1	1	0	1	1	0	8	0	0	0	11	0	7	10000000
1058641	1345992	3.67	9	8	5	3	1	1	1	1	1	1	1	1	0	10	0	8	0	11	0	10	10000000
133758	548728	4.13	9	13	5	4	1	0	1	1	1	1	1	1	0	0	0	7	0	7	0	9	173867
187907	235753	9.2	9	11	4	6	1	1	1	1	1	1	1	1	0	9	0	10	0	9	0	9	10000000
716642	1465925	7.53	7	7	6	4	1	0	1	1	0	0	1	1	0	0	0	0	0	8	0	8	3654
2189828	2204327	8.67	4	11	4	4	1	1	1	1	0	1	1	1	0	8	0	7	0	7	0	7	10000000
775815	1321664	3.73	12	10	7	3	1	1	1	1	1	1	1	1	0	9	0	7	0	9	0	10	141676
288569	362614	7.27	6	8	5	5	1	1	1	1	1	0	1	1	0	8	0	0	0	7	0	7	17953
526869	640991	8.87	11	10	5	4	0	1	0	0	1	1	1	1	0	9	0	8	0	0	0	8	10000000
50175	78730	9.4	14	10	5	4	1	1	1	1	1	0	1	1	0	9	0	0	0	9	0	7	10000000
348444	1098193	5.67	8	7	5	4	1	1	1	1	0	1	1	1	0	7	0	7	0	8	0	7	371950
999737	1541262	6.33	9	3	5	3	1	1	1	1	1	1	1	1	0	8	0	9	0	8	0	7	10000000
196481	216883	6.8	7	9	4	5	1	1	1	1	0	1	1	1	0	10	0	8	0	8	0	10	10000000
1070093	1070126	5.73	4	4	3	5	1	1	1	1	1	1	1	1	0	7	0	7	0	182	0	8	10000000
1312911	1316064	6.27	5	8	3	5	1	1	1	1	0	1	1	1	0	7	0	7	0	7	0	10	10000000
1928093	2053970	8.07	11	4	5	4	0	0	0	0	0	1	0	0	0	0	0	8	0	0	0	0	10000000
2615527	2618264	6.67	5	7	4	5	0	1	1	1	0	1	1	1	0	7	0	7	0	7	0	10	10000000
2872895	3072676	7.87	11	3	5	5	1	1	1	1	0	0	1	1	0	7	0	0	0	7	0	7	69566
3808265	3876151	6.87	7	8	4	5	1	1	1	1	1	1	1	1	0	14	0	7	0	9	0	7	22653
3232	106882	10.33	10	5	6	4	1	1	1	1	1	1	1	1	0	7	0	7	0	9	0	8	10000000
1493741	2449830	7.2	2	8	5	4	0	1	0	0	1	0	1	1	0	7	0	0	0	0	0	9	392507
3692691	3693213	7.8	3	6	6	4	1	1	1	1	0	1	1	1	0	7	0	7	0	9	0	9	10000000
119274	135531	5.33	13	7	5	3	1	1	1	1	1	1	1	1	0	8	0	8	0	8	0	7	10000000
568796	612549	4.53	7	9	4	6	1	1	1	1	1	0	1	1	0	7	0	0	0	7	0	10	10000000
636202	913216	9.87	8	10	4	5	0	1	1	1	1	1	1	1	0	7	0	7	0	9	0	8	10000000
268262	375260	3.8	6	15	5	5	1	1	1	1	0	1	1	1	0	7	0	9	0	9	0	8	9951
30992	55017	8.47	12	9	4	3	1	1	1	1	1	0	1	1	0	7	0	0	0	7	0	9	10000000
466023	1427526	6.8	9	21	4	9	1	1	1	1	0	1	1	1	0	7	0	8	0	8	0	8	15132
2755897	2926294	6.67	5	6	4	4	0	0	1	1	0	1	1	1	0	0	0	7	0	8	0	7	10000000
309132	519362	9.67	11	8	5	4	1	1	1	1	0	1	1	1	0	7	0	7	0	8	0	7	10000000
726948	1041098	7.73	11	5	4	4	1	1	1	1	0	0	1	1	0	8	0	0	0	8	0	9	56936
1448714	1489628	8.4	7	6	6	4	1	0	1	1	1	0	1	1	0	0	0	0	0	8	0	7	10000000
3408447	3634186	6.87	11	6	4	4	1	0	1	1	1	1	0	0	0	0	0	7	0	8	0	0	10000000
1162501	1224271	8.13	7	7	4	4	1	1	1	1	0	1	1	1	0	7	0	7	0	8	0	8	10000000
190018	351027	5.53	8	7	7	6	0	1	1	1	1	1	1	1	0	8	0	7	0	10	0	9	10000000
3648544	3924131	7.13	6	3	4	5	0	1	1	1	0	0	1	1	0	8	0	0	0	8	0	9	32700
1932	3772	5.2	12	6	4	4	1	1	1	1	1	1	1	1	0	7	0	7	0	7	0	8	10000000
192761	291699	3.67	10	10	7	4	1	0	1	1	1	0	1	1	0	0	0	0	0	10	0	9	10000000
4538086	4794673	3.87	10	10	5	5	1	1	1	1	1	1	1	1	0	7	0	7	0	15	0	9	10000000
8102188	8472526	3.93	6	5	4	6	0	1	1	1	1	1	1	1	0	9	0	8	0	7	0	7	10000000
8871379	9105624	4.27	10	12	5	5	1	1	1	1	1	1	1	1	0	7	0	7	0	9	0	9	10000000
688935	724040	6.67	5	9	4	5	1	1	1	1	1	1	0	0	0	8	0	7	0	7	0	0	10000000
972656	1114287	5.53	3	8	3	7	1	1	1	1	1	0	1	1	0	10	0	0	0	7	0	11	38433
1479728	2407286	5.53	6	5	3	5	1	0	1	1	1	0	1	1	0	0	0	0	0	8	0	9	83561
581180	693461	5.27	6	7	4	4	1	1	0	0	1	1	1	1	0	7	0	7	0	0	0	9	10000000
2001462	2135772	4.87	9	7	4	5	1	1	1	1	1	1	1	1	0	8	0	8	0	8	0	8	10000000
59114	1925477	4.27	7	9	4	5	1	1	1	1	1	0	1	1	0	7	0	0	0	9	0	7	2361
2520939	2687825	3.6	10	4	4	5	1	1	1	1	1	1	1	1	0	8	0	7	0	8	0	7	10000000
742234	850498	5.8	5	7	4	5	0	1	1	1	1	0	1	1	0	8	0	0	0	7	0	8	39394
