759078	784355	4.27	17	8	5	4	1	1	1	1	1	1	1	1	8		7	9		8	10000000
4417423	4537268	4.13	16	15	5	6	1	1	1	1	1	1	1	1	8		9	9		10	10000000
7482440	7547586	3.47	11	10	5	5	1	1	1	1	1	1	1	1	9		8	8		8	10000000
1003499	1241458	7.0	6	5	4	5	1	1	1	1	1	0	1	1	7		0	8		7	68470
2432102	4246044	5.93	2	13	4	3	1	1	1	1	1	0	0	0	9		0	7		0	111008
768580	779548	7.33	6	4	3	4	1	1	1	1	1	1	1	1	7		8	8		8	10000000
1526291	1554264	7.93	4	8	3	3	0	1	1	1	1	0	1	1	7		0	8		7	10000000
2246727	2533386	7.4	3	7	4	6	1	1	1	1	0	1	0	0	7		7	9		0	6428
3999378	4069609	7.2	7	12	5	6	1	1	1	1	0	1	1	1	7		7	7		7	10000000
4629044	4683770	6.0	9	7	5	4	0	1	0	0	1	0	1	1	8		0	0		8	10000000
2157757	2252192	4.8	5	8	3	4	1	1	1	1	0	0	1	1	7		0	9		7	27649
2626925	2646560	6.27	7	8	4	4	1	1	1	1	1	1	1	1	7		7	8		9	10000000
2871936	3211832	6.07	6	7	4	7	0	1	0	0	0	1	1	1	7		7	0		8	10000000
4480143	4484425	6.53	5	7	3	4	1	1	1	1	0	1	1	1	8		8	7		8	10000000
812201	1116701	10.4	10	6	5	4	1	1	1	1	1	1	1	1	7		7	8		8	118027
121954	208283	5.67	10	6	4	5	1	1	1	1	1	1	1	1	7		9	7		8	10000000
749045	891421	5.27	9	7	5	4	0	1	1	1	1	1	1	1	8		7	8		7	10000000
235089	361363	4.07	8	13	5	6	1	1	1	1	1	1	1	1	8		7	8		10	10000000
1784072	1784395	4.73	8	4	4	8	1	1	1	1	1	1	1	1	8		8	8		8	10000000
2233065	2334884	3.67	8	10	6	5	1	1	1	1	1	0	1	1	7		0	9		7	10000000
3170974	3372681	5.07	9	9	4	3	1	1	1	1	1	1	1	1	7		10	8		7	10000000
867949	1274020	5.4	8	2	5	4	1	1	1	1	1	1	1	1	8		7	9		7	10000000
56801	139065	6.8	10	7	4	5	1	1	1	1	0	0	1	1	12		0	7		10	10000000
2764013	2943756	5.4	10	3	5	5	1	1	1	1	1	1	1	1	7		7	8		7	32369
3048885	3050204	7.0	9	6	5	6	0	0	1	1	1	1	1	1	0		7	7		8	10000000
1167867	1279382	5.87	7	9	5	6	1	1	1	1	1	0	1	1	7		0	8		7	10000000
3301965	3332122	5.27	4	10	4	8	1	1	1	1	1	1	1	1	7		8	8		7	10000000
1518516	1900659	5.4	10	5	4	5	0	1	0	0	0	1	0	0	8		24	0		0	43964
3526099	4682576	5.67	4	4	3	3	1	0	1	1	1	1	1	1	0		8	9		7	42369
175668	356486	5.0	10	4	4	5	1	0	1	1	1	1	1	1	0		7	7		9	29218
41994	43516	9.27	10	12	4	6	1	0	0	0	1	0	1	1	0		0	0		7	10000000
469278	505432	9.2	6	7	4	4	1	1	1	1	1	0	1	1	7		0	8		8	10000000
311465	485228	3.93	11	15	4	7	1	1	1	1	1	1	1	1	8		7	9		9	10000000
557888	1409738	7.2	8	3	6	3	1	1	1	1	1	0	1	1	7		0	7		8	422355
2543412	2720965	7.2	6	12	5	4	0	1	1	1	0	0	1	1	9		0	7		8	10000000
3753877	4338168	6.27	7	12	3	5	1	1	1	1	1	0	1	1	8		0	7		7	10000000
1079712	1783467	9.33	6	7	7	4	1	1	1	1	1	0	1	1	8		0	9		8	10255
124836	128107	6.2	5	5	4	4	1	0	1	1	0	0	1	1	0		0	7		8	10000000
548998	564450	7.67	6	5	4	4	0	0	1	1	0	1	1	1	0		8	8		7	10000000
721491	4125979	6.33	9	5	4	3	1	1	1	1	0	1	1	1	7		8	10		8	50032
4491035	4717160	6.53	5	4	4	4	0	0	1	1	1	1	1	1	0		7	7		9	49681
37862	314008	7.0	6	8	3	4	0	1	1	1	0	1	0	0	8		7	7		0	10000000
107579	1236838	5.13	5	11	3	5	1	1	1	1	1	1	1	1	7		9	7		7	76570
4875469	5455078	5.47	5	5	3	4	1	1	1	1	0	1	1	1	7		8	10		8	139374
7627785	7993148	5.13	6	11	5	6	1	1	1	1	1	1	1	1	8		9	8		10	53795
608855	1437054	9.0	17	12	5	6	1	1	1	1	1	0	1	1	7		0	8		8	37731
2065660	2360837	8.93	13	8	4	3	1	1	1	1	1	0	1	1	7		0	8		7	98163
987644	2622050	8.67	8	9	6	5	1	1	1	1	0	1	1	1	7		7	7		14	141244
3096468	3353009	7.6	6	2	5	4	0	0	1	1	1	1	1	1	0		8	7		7	15283
4444166	4804609	8.0	7	9	4	4	0	1	1	1	0	0	1	1	7		0	8		7	38865
159097	333826	5.47	14	10	7	5	0	1	1	1	0	1	1	1	8		9	9		9	10000000
19953	23481	5.8	6	12	4	5	1	1	1	1	1	1	1	1	7		7	9		7	10000000
385772	1403902	6.2	9	6	4	3	0	1	1	1	1	1	1	1	7		7	7		8	139223
689430	1009826	6.73	4	10	4	4	0	1	1	1	0	1	1	1	8		8	7		7	10000000
1149047	1159313	9.07	9	15	4	4	1	1	1	1	1	1	1	1	8		7	9		9	10000000
192845	377239	6.67	7	12	3	5	0	1	1	1	1	1	1	1	8		8	9		10	10000000
586110	598611	5.6	15	11	4	4	1	1	1	1	0	1	1	1	13		8	8		8	10000000
945833	1215530	7.2	7	8	4	5	0	1	1	1	0	1	1	1	8		7	8		8	64842
3453379	3499739	5.13	15	16	6	6	0	1	1	1	0	0	1	1	10		0	8		10	10000000
139891	140894	4.0	21	9	6	6	1	1	1	1	1	1	1	1	9		8	10		10	10000000
814523	821053	4.47	10	12	7	5	1	1	1	1	1	1	1	1	8		7	8		10	10000000
293270	487918	4.8	5	14	5	6	1	1	1	1	1	1	1	1	7		8	7		10	10000000
901411	921906	4.53	19	8	5	4	1	1	1	1	1	0	1	1	8		0	8		8	1927
2028328	2909571	4.73	10	13	4	6	1	1	1	1	1	1	1	1	8		7	9		9	10000000
3753518	3837366	4.33	13	15	5	5	0	1	1	1	1	1	1	1	8		11	12		11	10000000
415750	432704	4.2	16	10	5	5	1	1	1	1	1	1	1	1	10		9	9		9	10000000
990703	998081	9.93	14	12	5	5	1	1	1	1	0	0	1	1	9		0	9		7	10000000
7632	13689	9.07	8	7	4	4	1	1	1	1	0	1	1	1	7		8	8		9	10000000
266694	648646	9.87	15	11	5	7	1	1	1	1	1	1	1	1	7		10	8		8	41982
195876	223998	9.27	11	10	5	5	1	1	1	1	1	1	1	1	7		7	9		10	10000000
478506	501928	10.73	16	11	6	5	1	0	1	1	1	1	1	1	0		8	8		7	10000000
84234	311624	8.53	11	9	4	5	1	1	1	1	1	1	1	1	8		7	9		7	91857
1328986	1334233	8.93	4	20	7	6	0	1	1	1	0	0	1	1	7		0	10		8	10000000
572041	684908	4.8	7	5	5	3	1	1	1	1	1	1	1	1	7		8	10		9	9521
1136153	1160516	5.0	6	6	6	5	1	1	1	1	0	1	1	1	7		8	7		9	10000000
341405	508282	4.4	11	11	5	5	1	1	1	1	1	1	1	1	8		9	8		10	32164
280171	282551	8.73	8	6	7	5	1	1	1	1	1	1	1	1	7		7	7		9	10000000
1413359	1541774	8.27	5	7	5	7	1	1	1	1	1	0	1	1	8		0	8		9	19363
1660701	1963333	8.13	6	4	4	6	1	0	1	1	1	0	1	1	0		0	7		7	16823
547209	600381	4.33	14	5	6	4	1	1	1	1	1	1	1	1	9		8	8		9	10000000
343931	416508	9.33	10	10	4	5	1	1	1	1	1	1	1	1	11		8	7		7	161
400434	490998	9.07	12	10	4	5	1	0	1	1	0	1	1	1	0		7	9		7	10000000
22519	162939	8.53	16	5	5	5	1	1	1	1	1	1	1	1	9		9	9		7	10000000
1035149	1124740	5.2	11	6	5	5	1	0	1	1	1	0	1	1	0		0	7		8	10000000
1945072	1960636	5.6	6	11	3	3	0	0	1	1	1	0	1	1	0		0	8		9	10000000
214578	232044	6.87	10	4	5	3	1	1	1	1	1	0	1	1	7		0	8		7	10000000
1146480	1154400	6.87	4	7	4	6	1	1	1	1	0	1	1	1	9		8	9		7	10000000
1223775	1336321	6.8	9	15	4	7	1	1	1	1	0	1	1	1	7		8	7		9	22265
1945750	2116917	7.73	3	6	4	5	1	1	1	1	1	0	1	1	7		0	7		8	10000000
2627869	2646382	7.07	7	4	3	6	0	1	1	1	0	0	1	1	8		0	7		10	10000000
2899796	3099524	7.13	6	4	4	4	0	0	1	1	1	0	1	1	0		0	7		7	42665
4317583	5054515	7.53	4	9	5	4	1	0	1	1	1	0	1	1	0		0	7		8	263476
29749	220778	7.53	8	11	4	5	1	1	1	1	0	1	1	1	8		8	7		9	10000000
3378667	3501968	7.8	6	6	3	3	0	1	1	1	1	1	1	1	8		7	8		7	10000000
3737275	3738663	6.93	6	5	4	5	1	1	1	1	0	0	1	1	8		0	7		7	10000000
26073	43756	4.8	10	15	4	5	1	1	1	1	1	1	1	1	8		7	10		9	10000000
465782	551395	5.67	10	3	5	4	1	1	1	1	1	1	1	1	7		8	8		8	10000000
660991	981578	10.73	12	23	5	6	1	1	1	1	1	1	1	1	10		8	7		8	10000000
242693	466170	6.13	8	5	5	6	1	1	1	1	1	1	1	1	10		8	7		7	100861
9934	61767	9.8	6	9	5	4	1	0	1	1	0	1	1	1	0		7	9		8	10000000
1768275	1972960	7.13	10	7	4	6	1	1	1	1	1	1	1	1	7		7	7		8	74389
3259638	3271774	6.67	5	1	4	3	1	1	1	1	0	0	1	1	8		0	8		7	10000000
338718	484963	6.73	11	6	7	4	1	1	1	1	1	0	1	1	7		0	7		7	10000000
4134243	4412207	5.4	3	4	4	4	0	1	1	1	1	1	1	1	8		9	10		8	44595
1644009	1991155	7.13	7	3	3	5	1	0	1	1	0	1	1	1	0		7	7		8	10000000
2401311	3317041	8.0	3	8	4	4	0	1	1	1	1	1	1	1	8		7	7		8	302070
1073025	1405023	9.47	13	14	4	6	1	1	1	1	1	1	1	1	7		7	9		7	10000000
183761	323363	5.8	8	10	7	4	1	1	1	1	1	0	1	1	8		0	7		8	10000000
741749	989508	5.87	8	2	6	3	1	1	1	1	0	1	1	1	7		8	8		7	10000000
5175	5251	4.0	11	10	5	5	1	1	1	1	1	1	1	1	7		8	139		8	10000000
271657	312094	5.47	9	11	5	5	1	1	1	1	1	1	1	1	7		7	8		7	10000000
3088666	3998403	4.6	11	8	5	4	0	1	1	1	1	1	1	1	7		8	7		8	10000000
6763274	7216790	3.33	11	10	4	5	1	1	1	1	1	1	1	1	8		7	8		11	43963
8829463	9604689	4.67	9	8	7	4	1	1	1	1	1	1	1	1	7		7	8		10	10000000
309677	730130	4.53	12	8	6	5	1	1	1	1	1	1	1	1	8		8	10		8	69884
1133825	1250074	6.53	7	7	4	7	1	1	1	1	1	1	0	0	7		7	8		0	10000000
170501	182262	5.27	9	7	6	4	0	1	1	1	0	1	1	1	7		8	9		9	10000000
944530	1098344	5.2	3	7	6	6	0	1	1	1	1	0	1	1	8		0	7		7	10000000
2121042	2155782	6.47	6	4	4	4	1	1	1	1	1	1	1	1	7		7	9		7	8166
1888152	1931608	4.13	11	10	5	5	1	1	1	1	1	1	1	1	8		8	9		8	8492
2607895	2846436	5.33	7	6	5	3	0	0	1	1	1	1	1	1	0		9	8		7	10000000
289724	349310	6.4	6	7	5	4	0	0	1	1	0	1	0	0	0		7	7		0	10000000
