2781336	4305221	3.6	12	6	4	5	1	1	1	1	1	0	1	1	0	7	0	0	0	7	0	8	42320
4417771	4886382	3.53	10	7	8	4	1	1	1	1	1	1	1	1	0	8	0	9	0	9	0	10	119477
6157191	6405880	4.6	9	8	5	3	1	0	1	1	0	1	1	1	0	0	0	9	0	8	0	7	98102
1150583	1162176	5.67	4	12	5	6	1	1	1	1	1	0	1	1	0	8	0	0	0	7	0	9	10000000
2124505	2929951	5.53	6	13	4	5	1	1	1	1	0	1	1	1	0	8	0	10	0	8	0	8	10000000
177033	513063	6.53	5	7	4	4	1	1	1	1	0	1	1	1	0	7	0	7	0	9	0	7	10000000
1333030	1401654	7.07	7	4	4	4	1	1	1	1	1	0	1	1	0	8	0	0	0	8	0	8	10000000
2699413	2869826	6.4	9	4	4	4	1	0	1	1	0	1	0	0	0	0	0	7	0	9	0	0	10000000
4126734	4138695	5.93	7	0	4	0	0	1	1	1	0	1	1	1	0	7	0	7	0	7	0	7	10000000
4649033	4682887	8.2	7	6	3	3	1	0	1	1	1	0	0	0	0	0	0	0	0	7	0	0	10000000
237445	454316	5.13	15	7	5	3	1	1	1	1	1	0	1	1	0	8	0	0	0	8	0	8	10000000
2692087	2797143	5.33	4	7	3	4	1	1	1	1	1	1	1	1	0	8	0	7	0	8	0	10	10000000
3709048	4027597	5.07	11	6	5	3	1	1	1	1	1	1	1	1	0	9	0	7	0	8	0	8	10000000
4449025	4469362	5.07	12	8	5	3	1	1	1	1	1	1	1	1	0	7	0	8	0	8	0	8	10000000
669838	1132668	8.0	5	4	4	5	0	1	1	1	0	1	1	1	0	9	0	8	0	7	0	8	30148
230187	364935	6.93	5	10	4	5	1	1	1	1	1	1	1	1	0	8	0	7	0	11	0	8	10000000
570545	593203	5.8	8	7	6	4	1	1	1	1	1	1	1	1	0	8	0	7	0	9	0	7	10000000
349542	446136	4.8	6	9	3	3	1	1	1	1	1	1	1	1	0	10	0	7	0	8	0	8	31917
501394	630213	4.13	12	12	4	3	1	1	1	1	0	1	1	1	0	8	0	7	0	9	0	8	10000000
2179788	2379628	5.73	3	9	4	5	1	1	1	1	0	1	1	1	0	8	0	7	0	8	0	7	10000000
2797198	3106509	4.07	14	6	5	4	0	1	1	1	1	1	1	1	0	7	0	8	0	7	0	9	10000000
1373162	1379962	7.13	6	5	4	4	1	1	1	1	1	1	1	1	0	7	0	7	0	7	0	8	10000000
245742	1700818	6.73	3	1	3	3	1	1	1	1	0	0	1	1	0	7	0	0	0	7	0	7	65549
2176317	2706585	7.2	6	2	4	3	1	1	1	1	0	0	1	1	0	9	0	0	0	7	0	8	229248
3016117	3018997	7.67	4	6	4	5	0	1	1	1	1	0	1	1	0	7	0	0	0	8	0	7	10000000
123125	442960	6.87	8	6	4	4	0	1	1	1	0	0	1	1	0	8	0	0	0	8	0	8	74769
2847891	2942075	7.07	0	9	0	4	1	1	1	1	0	1	1	1	0	8	0	7	0	7	0	7	10000000
1867406	3242228	6.0	2	12	3	6	0	1	1	1	1	1	1	1	0	7	0	7	0	8	0	8	16566
4290902	5266188	5.13	3	9	4	3	1	1	1	1	1	0	1	1	0	8	0	0	0	8	0	9	240680
99346	106226	6.47	8	7	3	5	1	1	1	1	1	1	1	1	0	7	0	7	0	7	0	8	10000000
10744	51833	10.13	13	12	5	5	1	1	1	1	1	1	1	1	0	8	0	7	0	7	0	8	10000000
546855	557238	9.47	9	9	5	5	1	1	1	1	1	1	1	1	0	9	0	7	0	7	0	8	10000000
605430	731262	4.2	9	6	5	4	1	1	1	1	1	1	1	1	0	8	0	7	0	12	0	8	10000000
1055539	3216170	5.27	7	6	5	4	1	1	1	1	1	1	1	1	0	7	0	7	0	7	0	9	89921
2646301	2985951	5.8	12	6	4	4	1	1	1	1	0	1	1	1	0	8	0	8	0	10	0	8	157137
3422305	4457433	6.33	9	12	4	5	1	0	1	1	1	1	1	1	0	0	0	8	0	7	0	7	20943
1565642	1799058	7.87	6	8	3	5	1	1	1	1	1	1	1	1	0	7	0	7	0	7	0	7	89631
258564	295535	4.87	4	3	3	4	1	0	0	0	1	0	1	1	0	0	0	0	0	0	0	7	10000000
495467	566060	6.07	11	11	5	6	0	1	1	1	0	1	1	1	0	7	0	9	0	9	0	7	10000000
4228306	4421481	6.33	5	11	4	6	1	1	1	1	0	1	1	1	0	7	0	8	0	8	0	9	10000000
5176886	6024481	5.53	7	4	6	3	1	0	1	1	0	1	1	1	0	0	0	9	0	9	0	8	18715
116114	265104	9.2	13	7	7	5	1	1	0	0	1	1	1	1	0	7	0	7	0	0	0	7	10000000
1413510	1580650	5.2	12	10	9	5	1	1	1	1	1	1	1	1	0	8	0	7	0	8	0	9	10000000
3747027	4556774	5.13	8	6	4	4	1	1	1	1	1	1	1	1	0	9	0	9	0	8	0	8	10000000
8379278	8748588	5.73	6	9	4	6	1	1	1	1	1	1	1	1	0	7	0	7	0	7	0	9	10000000
690063	1603432	9.07	11	12	5	6	1	0	1	1	1	1	1	1	0	0	0	8	0	7	0	8	2462
2053629	2142093	8.27	8	12	3	6	1	1	1	1	0	1	1	1	0	7	0	7	0	8	0	8	10000000
451938	1557951	7.0	9	11	6	6	1	1	0	0	0	0	1	1	0	8	0	0	0	0	0	8	10430
3505436	3674332	7.33	7	3	4	4	0	0	1	1	0	0	1	1	0	0	0	0	0	8	0	7	39682
4644491	4743489	7.6	6	7	6	3	0	1	1	1	0	0	0	0	0	7	0	0	0	10	0	0	10000000
127629	444310	4.93	10	13	5	5	1	1	1	1	1	1	1	1	0	8	0	8	0	10	0	8	10000000
15539	18817	5.47	11	10	5	5	0	0	1	1	1	0	1	1	0	0	0	0	0	8	0	7	10000000
1538071	2138552	6.6	5	4	5	3	0	1	1	1	1	1	1	1	0	8	0	7	0	7	0	7	152753
2112344	2153841	5.33	8	8	4	4	0	0	1	1	0	1	1	1	0	0	0	8	0	7	0	7	10000000
881215	1012619	7.87	13	5	6	3	1	1	1	1	1	0	1	1	0	7	0	0	0	9	0	8	13766
240646	464932	5.6	8	8	4	4	1	1	1	1	1	1	1	1	0	7	0	7	0	8	0	9	10000000
572038	647501	6.2	8	9	5	6	1	1	1	1	1	1	1	1	0	8	0	7	0	7	0	10	10000000
1978212	2865520	5.0	9	5	3	5	1	1	1	1	1	0	1	1	0	8	0	0	0	8	0	7	10000000
3749960	3791294	3.93	21	14	7	6	1	1	1	1	1	1	1	1	0	8	0	7	0	11	0	8	10000000
75016	93818	3.67	12	7	9	4	0	0	1	1	1	1	1	1	0	0	0	7	0	8	0	8	53
602437	780780	6.67	6	8	5	6	0	1	1	1	1	1	1	1	0	7	0	10	0	9	0	9	34996
785643	810880	4.33	7	15	6	5	1	1	1	1	1	1	1	1	0	11	0	9	0	9	0	10	10000000
1082201	1098606	5.27	6	9	4	5	1	1	0	0	1	1	1	1	0	7	0	7	0	0	0	8	10000000
2326494	3018703	4.73	11	6	4	4	1	0	1	1	1	1	1	1	0	0	0	8	0	9	0	8	10000000
3362423	3481519	4.53	8	8	4	4	1	0	1	1	1	1	1	1	0	0	0	7	0	11	0	8	10000000
135379	421722	4.4	7	14	3	4	1	1	1	1	1	1	1	1	0	10	0	7	0	8	0	8	10000000
1209558	1214822	10.47	10	7	6	4	1	1	1	1	1	0	1	1	0	8	0	0	0	7	0	10	10000000
17727	19321	9.53	8	10	4	3	1	0	1	1	1	1	1	1	0	0	0	7	0	9	0	7	10000000
165957	410024	8.93	6	6	4	5	1	1	1	1	1	1	1	1	0	8	0	9	0	8	0	10	100296
228621	289892	9.47	9	4	5	3	1	1	1	1	1	0	1	1	0	8	0	0	0	8	0	8	10000000
741123	1044017	8.73	12	6	4	3	1	1	0	0	1	1	1	1	0	7	0	7	0	0	0	7	10000000
209228	837784	10.2	12	13	5	5	1	1	1	1	1	1	1	1	0	8	0	7	0	8	0	8	10000000
1198305	1305593	7.87	9	12	4	5	1	1	1	1	0	1	1	1	0	7	0	7	0	8	0	8	10000000
910953	946994	4.4	10	10	5	5	1	0	1	1	1	0	1	1	0	0	0	0	0	7	0	7	10000000
992298	1309873	5.4	7	7	3	4	1	1	1	1	1	1	1	1	0	8	0	7	0	8	0	7	10000000
460613	839233	3.93	6	9	4	5	1	1	1	1	1	1	1	1	0	9	0	8	0	8	0	10	103001
245074	252327	9.07	12	11	4	6	1	1	1	1	1	1	1	1	0	8	0	10	0	9	0	10	10000000
262176	914375	8.33	7	9	4	6	0	1	1	1	1	1	1	1	0	7	0	7	0	7	0	9	131775
2011312	2208459	8.87	5	9	3	5	1	1	1	1	0	1	1	1	0	7	0	8	0	7	0	9	84598
261153	353150	4.67	17	15	6	5	1	1	1	1	1	1	1	1	0	7	0	11	0	8	0	8	10000000
32524	456922	9.2	6	6	4	4	1	1	1	1	1	1	1	1	0	7	0	7	0	7	0	7	112261
590443	626067	9.93	11	8	7	8	1	1	1	1	1	0	1	1	0	7	0	0	0	10	0	9	10000000
80574	151222	8.2	8	7	4	4	1	1	1	1	0	1	1	1	0	7	0	9	0	8	0	8	10000000
626444	1124536	5.27	6	11	5	4	1	0	1	1	1	1	1	1	0	0	0	7	0	8	0	7	93950
176660	1085239	4.93	6	6	4	6	1	1	1	1	1	1	1	1	0	7	0	8	0	8	0	9	56961
243524	271925	9.27	7	7	3	4	1	1	1	1	1	0	1	1	0	8	0	0	0	7	0	7	10000000
720793	819671	6.33	5	6	3	3	1	1	1	1	1	1	1	1	0	8	0	9	0	7	0	7	10000000
1268404	1301746	6.8	5	4	3	4	1	1	1	1	1	1	0	0	0	7	0	8	0	8	0	0	10000000
1946197	2389138	6.47	13	7	4	4	1	0	1	1	0	0	0	0	0	0	0	0	0	9	0	0	185224
2645214	2660160	7.2	5	9	3	6	0	1	1	1	1	0	1	1	0	8	0	0	0	7	0	8	10000000
2800744	2968489	6.0	9	6	5	4	0	0	1	1	1	0	1	1	0	0	0	0	0	9	0	8	24742
4172737	4229309	7.13	4	3	4	4	1	1	1	1	1	1	1	1	0	9	0	7	0	13	0	9	10000000
181589	210666	7.4	9	6	5	3	1	0	1	1	0	1	1	1	0	0	0	8	0	8	0	7	10000000
892754	1773463	7.47	10	8	4	3	1	1	1	1	0	1	1	1	0	9	0	7	0	12	0	7	63341
3689203	3740125	7.93	3	6	3	3	0	1	1	1	0	0	1	1	0	7	0	0	0	8	0	7	2555
81339	119004	6.0	4	5	4	5	0	1	1	1	1	1	1	1	0	7	0	7	0	9	0	8	10000000
205369	621343	5.47	8	11	5	4	1	0	1	1	0	1	1	1	0	0	0	8	0	9	0	9	10000000
1154288	1253540	9.07	7	15	5	4	1	1	1	1	1	1	1	1	0	7	0	7	0	7	0	8	10000000
21828	42037	5.13	8	9	5	4	1	1	1	1	1	1	1	1	0	7	0	9	0	7	0	8	10000000
83473	90493	8.67	14	4	4	4	1	0	1	1	0	1	1	1	0	0	0	7	0	9	0	7	10000000
2050648	2102729	7.27	5	7	4	4	1	1	1	1	0	1	1	1	0	9	0	7	0	8	0	7	10000000
2506601	2973893	9.2	10	6	4	4	1	0	1	1	1	0	1	1	0	0	0	0	0	7	0	7	10000000
96223	148234	6.53	4	9	4	4	1	1	1	1	0	1	1	1	0	8	0	7	0	7	0	9	10000000
3503573	3525176	6.93	4	6	3	4	1	1	0	0	1	0	1	1	0	9	0	0	0	0	0	8	10000000
801048	1960383	7.33	12	7	5	5	1	0	1	1	0	0	1	1	0	0	0	0	0	7	0	8	193728
4390240	4419185	5.33	7	10	4	5	1	1	1	1	1	1	1	1	0	7	0	7	0	7	0	8	10000000
987675	1217914	9.47	15	10	4	5	1	1	1	1	1	1	1	1	0	15	0	8	0	7	0	12	10000000
306094	394725	6.53	10	4	4	4	0	1	1	1	0	1	1	1	0	7	0	8	0	8	0	7	10000000
1811826	1858252	7.33	2	2	3	4	1	0	1	1	1	1	1	1	0	0	0	9	0	9	0	8	10000000
3477	5568	4.53	7	8	3	6	1	1	1	1	1	1	1	1	0	8	0	7	0	9	0	8	10000000
349237	350444	4.2	12	13	4	7	1	1	1	1	1	1	1	1	0	7	0	7	0	8	0	8	10000000
5423843	5481958	4.0	5	10	4	3	1	1	1	1	1	1	1	1	0	8	0	8	0	8	0	10	10000000
8123780	8420934	3.87	16	8	4	3	1	1	1	1	1	1	1	1	0	8	0	7	0	9	0	8	10000000
8883155	9339938	4.93	11	13	4	6	1	0	1	1	1	1	1	1	0	0	0	9	0	7	0	9	10000000
396995	582315	4.73	5	4	3	5	1	1	1	1	1	1	1	1	0	7	0	7	0	7	0	8	10000000
1394034	1437543	5.33	7	4	3	4	0	1	1	1	1	0	1	1	0	8	0	0	0	8	0	8	10000000
2854511	3644087	5.53	17	11	4	5	0	1	1	1	1	0	1	1	0	8	0	0	0	8	0	8	10000000
71480	1385204	5.27	7	4	3	4	1	0	1	1	1	0	1	1	0	0	0	0	0	8	0	7	151914
1991268	2018526	5.93	7	3	6	5	1	1	1	1	1	1	1	1	0	7	0	7	0	9	0	7	10000000
1208039	1432985	4.73	6	3	3	3	1	1	1	1	1	1	1	1	0	8	0	8	0	10	0	12	10000000
2318917	2653207	5.0	10	6	5	4	1	1	1	1	1	1	1	1	0	7	0	9	0	8	0	11	10000000
657262	786220	6.07	4	14	4	5	1	1	1	1	0	1	0	0	0	9	0	8	0	7	0	0	4026
