4182478	4191602	3.67	14	9	4	4	1	1	1	1	1	1	1	1	11		7	7		7	10000000
4809890	5011674	3.27	14	14	5	4	1	1	1	1	1	1	1	1	13		8	8		9	10000000
7300905	7325152	3.67	7	10	5	4	1	1	1	1	1	1	1	1	8		7	8		9	10000000
763887	1143977	6.13	7	5	4	6	1	1	1	1	0	1	1	1	7		7	9		7	70818
3028331	3537992	6.8	12	16	5	5	0	1	1	1	0	1	1	1	8		8	9		10	103013
364842	426638	7.07	11	6	4	4	1	1	1	1	1	1	1	1	8		7	10		7	10000000
945446	1324610	7.13	11	8	5	5	0	1	1	1	0	0	1	1	7		0	8		7	21277
1997163	2270271	6.07	4	9	4	4	1	1	1	1	0	1	1	1	7		7	9		7	55333
3535145	3745083	6.8	7	9	4	4	1	1	1	1	0	1	1	1	7		7	7		8	78375
4408873	4613806	7.33	4	12	3	3	0	1	1	1	1	0	1	1	9		0	7		7	10000000
2407384	2494521	5.13	10	5	4	3	1	1	1	1	1	1	1	1	9		8	11		15	10000000
2812605	2815741	6.47	5	7	4	4	1	1	1	1	1	1	1	1	8		7	7		8	10000000
3729642	3744916	5.53	4	5	4	3	1	0	1	1	1	0	1	1	0		0	8		8	10000000
4455855	4459751	5.67	4	2	4	3	1	0	1	1	1	1	1	1	0		10	9		8	10000000
1218701	1253338	10.6	10	12	5	5	1	1	1	1	1	1	1	1	7		7	8		9	10000000
125066	389649	6.07	7	7	6	4	1	1	1	1	0	1	1	1	7		9	9		8	10000000
476055	827453	4.93	8	10	3	4	1	1	1	1	1	1	1	1	10		8	10		9	145724
331396	451633	5.0	3	7	4	7	1	1	1	1	1	1	1	1	7		11	10		9	37414
800435	983556	4.93	6	7	5	4	1	1	1	1	1	1	1	1	11		8	7		10	10000000
2446202	2463488	6.33	6	9	4	4	1	1	1	1	0	0	1	1	8		0	7		8	10000000
3346005	3483796	4.13	13	14	5	5	1	1	1	1	1	1	1	1	8		7	9		10	10000000
257154	1368721	6.93	2	8	6	5	1	1	1	1	0	1	1	1	9		7	8		7	10000000
730245	1949579	5.67	4	6	4	5	1	1	1	1	1	1	1	1	7		7	8		8	199966
2888301	2919499	9.2	8	8	4	4	1	1	1	1	1	1	1	1	7		7	10		9	10000000
2980286	3018144	6.07	4	11	3	5	1	1	1	1	0	0	1	1	8		0	7		8	10000000
1482209	1523385	5.07	10	9	5	5	1	1	1	1	1	1	1	1	10		9	8		7	10000000
3309719	3342855	4.87	5	11	4	5	0	0	1	1	0	0	1	1	0		0	7		7	2385
917062	3120186	6.6	4	3	3	5	0	1	1	1	1	0	1	1	7		0	7		7	201122
5056069	5170089	4.73	8	8	6	4	1	1	1	1	1	1	1	1	7		8	8		8	10000000
118306	172035	6.4	6	5	4	4	1	1	1	1	0	0	1	1	7		0	10		7	10000000
19460	69531	7.33	7	17	3	5	1	1	1	1	1	1	0	0	11		8	8		0	10000000
547213	548188	8.2	9	11	4	4	1	1	1	1	1	0	1	1	7		0	7		7	10000000
784520	784644	6.07	10	9	5	5	1	1	1	1	1	1	1	1	8		7	91		14	10000000
818060	903457	7.13	8	6	5	3	0	1	1	1	1	1	1	1	7		7	8		7	10000000
1233507	1642800	6.67	7	10	4	7	1	1	1	1	0	1	1	1	8		8	8		7	86070
3964492	4138365	6.53	8	6	4	3	1	0	1	1	1	0	1	1	0		0	7		7	10000000
1559720	2130874	6.47	17	8	5	6	1	0	1	1	1	1	1	1	0		7	8		8	50775
34397	144506	8.4	5	8	3	5	1	0	1	1	0	1	1	1	0		7	7		7	8357
521632	538779	5.93	10	6	3	3	1	1	1	1	1	1	1	1	9		9	8		7	10000000
1634048	3436016	6.87	3	8	3	4	1	1	0	0	0	1	1	1	9		8	0		8	99442
5049083	5764011	5.0	4	10	5	4	1	0	1	1	1	1	1	1	0		8	7		8	146518
320660	330353	8.53	10	5	5	3	1	1	1	1	0	1	1	1	8		7	9		7	10000000
1402344	1496179	5.07	8	8	5	5	1	1	1	1	1	1	1	1	7		8	9		8	10000000
2836034	4414732	5.27	11	14	5	6	1	1	1	1	1	1	1	1	9		10	10		12	10000000
8054103	8222610	4.67	12	9	6	6	1	1	1	1	0	1	1	1	8		7	9		7	10000000
230484	1308523	8.8	14	7	5	4	1	0	1	1	0	0	1	1	0		0	7		8	58870
2254055	2278534	6.87	7	16	5	4	1	1	1	1	1	1	1	1	7		17	8		8	10000000
41159	839216	9.4	6	14	4	5	1	1	1	1	1	1	1	1	8		7	8		10	103391
3344029	3541954	7.73	7	8	5	3	1	1	1	1	1	0	1	1	8		0	8		7	52041
4109163	4484549	8.33	10	6	5	5	1	1	1	1	0	1	1	1	8		7	8		7	235
26907	425344	4.8	9	9	5	5	1	1	1	1	1	1	1	1	7		7	8		7	10000000
1787	16213	6.33	5	16	3	4	1	0	1	1	1	1	1	1	0		8	7		9	10000000
1376681	1885278	5.27	7	7	4	4	1	1	1	1	1	1	1	1	7		7	7		9	9033
122133	2271190	5.27	13	8	4	3	1	0	1	1	1	1	1	1	0		7	7		7	38916
907349	1153306	9.33	13	9	4	4	1	1	1	1	1	1	1	1	9		7	7		7	10000000
298069	326483	5.13	8	10	5	4	1	0	1	1	1	0	1	1	0		0	8		8	10000000
634766	643845	4.4	12	6	6	3	1	0	1	1	0	1	1	1	0		7	8		7	10000000
1072996	2633072	4.93	7	8	5	7	1	1	1	1	1	1	1	1	8		11	8		7	76760
633091	2670462	4.87	10	4	5	6	1	1	1	1	1	1	1	1	11		8	8		8	162813
65897	66744	5.13	17	11	9	5	1	1	1	1	1	1	1	1	8		9	8		9	10000000
217590	400566	4.07	13	10	8	5	1	1	1	1	1	1	1	1	10		9	9		9	10000000
802513	858070	4.33	18	8	7	4	1	1	1	1	1	1	1	1	7		7	11		9	762
991537	1091105	4.4	9	8	5	5	1	0	0	0	1	1	1	1	0		7	0		8	11438
1773563	2460541	4.73	15	8	4	6	1	1	1	1	1	1	1	1	7		7	12		10	201730
3679501	3707553	4.33	9	6	4	4	1	1	1	1	1	1	1	1	7		10	9		9	10000000
157409	240198	7.8	6	14	5	5	0	0	1	1	1	1	1	1	0		7	8		7	10000000
354545	970221	9.87	13	9	5	5	1	1	1	1	1	1	1	1	7		8	7		9	10000000
13762	18603	8.33	5	8	3	5	1	0	1	1	1	0	1	1	0		0	7		7	10000000
635299	673248	9.0	5	7	4	3	1	1	1	1	1	0	1	1	8		0	9		8	16293
265303	398144	8.67	7	10	4	5	1	1	1	1	1	0	1	1	9		0	8		7	38168
350463	1031720	8.0	10	11	4	4	1	1	1	1	1	1	1	1	9		9	7		8	10000000
242470	624773	8.87	11	7	4	4	1	0	1	1	1	1	1	1	0		7	8		9	10000000
1184883	1298669	8.87	9	7	4	3	0	1	1	1	1	0	1	1	8		0	8		7	10000000
936688	939187	3.93	12	10	5	5	1	1	1	1	1	1	1	1	7		7	7		8	10000000
1035854	1115231	4.2	24	10	28	6	0	1	1	1	1	1	1	1	7		7	10		8	10000000
712594	854446	3.67	16	15	5	5	1	0	1	1	0	1	1	1	0		7	10		8	22517
258762	271683	9.73	10	10	5	5	1	1	1	1	1	1	1	1	7		9	8		7	10000000
506508	581123	8.4	8	8	6	5	1	1	1	1	1	0	0	0	7		0	9		0	10000000
1991766	1996359	9.0	10	10	7	5	1	0	1	1	1	0	1	1	0		0	7		7	10000000
527420	1433896	4.13	13	17	5	6	1	1	1	1	1	1	1	1	9		9	9		11	390071
286359	490767	9.33	10	8	4	6	1	0	1	1	1	0	1	1	0		0	7		9	32094
234424	294826	9.6	14	8	6	5	1	0	1	1	0	1	1	1	0		9	7		8	3740
6411	16656	9.47	12	13	5	3	0	1	1	1	1	1	1	1	9		8	8		7	10000000
1049750	1374513	6.6	3	12	4	6	0	1	1	1	0	1	1	1	8		8	7		9	99287
914035	1496936	4.47	8	6	5	5	0	1	1	1	1	1	1	1	8		7	7		9	10000000
286292	299872	5.67	8	2	4	3	1	0	1	1	1	1	1	1	0		7	7		11	10000000
1123329	1145908	6.13	11	6	5	5	1	1	1	1	1	0	1	1	7		0	8		8	10000000
1251459	1317038	7.33	10	2	5	3	1	0	1	1	1	1	1	1	0		8	8		9	10000000
1582876	2063122	9.93	10	10	5	5	1	1	1	1	1	1	1	1	7		7	8		9	11875
2637811	2648899	6.8	4	4	4	4	0	1	1	1	0	1	1	1	7		7	10		7	10000000
3177127	3185550	7.33	10	6	4	6	1	1	1	1	0	1	1	1	7		7	8		7	10000000
5331880	5340460	9.8	10	6	4	3	1	1	1	1	1	1	1	0	9		7	7		0	10000000
38488	95692	7.4	6	5	6	4	1	1	1	1	1	1	1	1	7		7	7		9	10000000
1153745	2012004	6.27	6	8	5	4	1	1	1	1	1	1	1	1	7		8	8		8	19149
3692492	3698011	6.8	3	8	4	3	0	1	0	0	1	1	1	1	7		7	0		8	10000000
42498	113844	5.0	7	8	5	6	1	1	1	1	1	1	1	1	9		7	8		8	33562
220883	481041	4.6	8	10	7	4	1	0	1	1	1	1	1	1	0		7	7		8	10000000
200133	524946	9.47	9	8	4	6	1	1	1	1	1	1	1	1	7		8	8		8	10000000
58033	401363	5.2	7	14	4	4	1	1	1	1	1	1	1	1	9		8	7		9	36054
32077	70515	7.87	6	8	5	4	1	1	1	1	1	0	1	1	7		0	8		7	1675
1417183	1842204	8.2	12	11	5	4	1	1	1	1	1	1	1	1	9		7	7		10	10000000
3412581	3424540	6.47	7	8	4	6	1	1	1	1	1	0	1	1	7		0	9		12	10000000
117873	170404	8.33	6	9	5	5	1	0	1	1	1	0	1	1	0		0	8		7	10000000
776381	852063	7.07	1	12	4	3	1	1	1	1	0	0	1	1	7		0	7		7	7503
422600	1060818	6.13	6	6	5	5	1	1	1	1	1	1	1	1	7		7	8		9	64969
3276652	3657296	8.47	7	10	4	3	0	0	1	1	1	0	1	1	0		0	7		8	10000000
659070	1333906	9.2	13	5	4	4	1	0	1	1	1	1	1	1	0		7	8		9	59706
147650	247809	5.53	10	2	7	4	1	1	1	1	1	1	1	1	7		8	8		8	10000000
2868723	3692429	5.47	7	3	4	3	0	1	1	1	1	0	1	1	7		0	9		12	9944
6894	10857	4.4	10	6	3	4	1	1	1	1	1	0	1	1	8		0	10		9	10000000
109939	363723	4.2	13	6	4	5	1	1	1	1	1	1	1	1	8		10	10		8	10000000
1636421	4095227	4.53	13	12	5	4	1	1	1	1	0	0	1	1	7		0	9		7	471987
6870735	7858655	3.6	9	13	5	5	1	1	1	1	1	0	1	1	7		0	11		7	25879
8645078	8782765	3.73	6	13	4	6	1	1	1	1	1	1	1	1	8		7	8		10	59739
249792	744375	5.4	9	6	4	3	1	0	1	1	0	1	1	1	0		8	8		8	107543
1042899	1239829	5.27	8	7	3	5	1	1	1	1	0	1	1	1	7		7	8		7	32546
1583824	3762056	4.67	9	4	6	3	1	1	1	1	1	1	1	1	8		9	8		7	860922
604782	1326695	6.27	5	6	3	5	1	1	0	0	1	0	1	1	8		0	0		8	131125
2115945	2177518	6.0	4	7	4	4	1	1	1	1	1	1	1	1	7		7	7		7	29902
221992	808416	4.87	11	6	5	3	1	1	1	1	1	1	1	1	9		7	10		7	1402
2587354	2652889	4.87	6	10	4	3	0	1	1	1	1	1	1	1	7		7	8		7	10000000
558170	712230	5.47	13	13	5	4	1	1	1	1	1	1	1	1	8		9	9		8	55423
