1282973	2381372	3.8	9	8	6	5	1	1	1	1	1	1	1	1	0	9	0	8	0	8	0	9	10000000
4716667	4750273	4.13	8	12	5	5	1	1	1	1	1	1	1	1	0	8	0	7	0	11	0	10	10000000
7557300	7565562	3.13	15	14	6	5	1	1	1	1	1	1	1	1	0	8	0	9	0	9	0	8	10000000
820462	936652	5.2	9	6	8	5	1	1	0	0	1	1	1	1	0	8	0	7	0	0	0	8	33266
4440912	4486535	5.07	8	6	6	4	1	0	1	1	0	0	1	1	0	0	0	0	0	9	0	8	10000000
67508	818372	4.93	8	8	6	5	1	0	1	1	1	0	1	1	0	0	0	0	0	9	0	7	18664
1201319	1401819	6.73	3	9	4	4	0	1	1	1	0	1	1	1	0	7	0	7	0	8	0	7	47090
2873036	3049741	7.67	8	11	4	7	0	1	1	1	1	0	1	1	0	8	0	0	0	7	0	7	65811
3233235	3303342	7.27	7	5	4	3	0	1	1	1	1	1	1	1	0	7	0	8	0	7	0	8	10000000
4232557	4432544	6.4	4	3	3	4	1	1	1	1	1	0	1	1	0	7	0	0	0	11	0	7	10000000
1921978	2109571	5.33	6	4	3	3	1	0	1	1	0	1	1	1	0	0	0	7	0	7	0	10	10000000
2658017	2782706	5.33	7	7	5	4	1	1	1	1	0	1	1	1	0	7	0	9	0	9	0	7	10000000
2962198	3002646	4.6	10	3	4	4	1	1	1	1	0	0	1	1	0	7	0	0	0	8	0	10	10000000
4437007	4466638	5.33	6	9	5	3	1	0	1	1	1	0	1	1	0	0	0	0	0	12	0	8	10000000
110984	1126247	10.2	14	8	5	4	1	1	1	1	0	1	1	1	0	8	0	7	0	10	0	9	127573
5504	174137	6.2	4	9	4	6	1	1	1	1	0	0	1	1	0	7	0	0	0	10	0	8	10000000
751054	796895	6.2	4	8	4	5	0	1	1	1	1	1	1	1	0	7	0	7	0	7	0	9	10000000
30263	164451	5.27	6	5	6	5	0	1	1	1	1	1	1	1	0	10	0	9	0	10	0	12	10000000
629536	1061049	4.13	4	10	3	6	1	1	0	0	1	0	1	1	0	9	0	0	0	0	0	8	152467
2122482	2389435	5.4	7	19	4	8	1	1	1	1	1	1	1	1	0	12	0	8	0	8	0	7	10000000
2922333	3122770	5.2	11	6	4	7	1	1	1	1	1	1	1	1	0	8	0	7	0	9	0	10	10000000
1030716	1134400	7.27	9	3	5	5	0	1	1	1	1	1	1	1	0	8	0	7	0	8	0	8	10000000
800794	966270	6.4	15	7	5	5	0	1	1	1	0	1	1	1	0	7	0	7	0	8	0	8	35289
2746138	2774059	6.2	9	5	4	4	1	1	1	1	1	0	1	1	0	8	0	0	0	7	0	7	8562
3045934	3052019	6.47	3	6	4	5	1	1	1	1	1	1	1	1	0	8	0	7	0	7	0	9	10000000
1124506	1503937	5.53	11	7	5	3	1	1	1	1	1	1	1	1	0	9	0	9	0	8	0	7	52009
2032703	3041866	9.33	17	6	6	5	1	0	1	1	0	1	1	1	0	0	0	7	0	8	0	7	259883
461402	3060444	5.33	5	4	4	3	1	1	1	1	1	1	1	1	0	8	0	8	0	7	0	7	219155
5400215	5409354	6.13	4	3	4	4	1	0	1	1	0	1	1	1	0	0	0	7	0	7	0	7	10000000
347703	366773	5.4	10	14	5	4	1	1	1	1	1	1	1	1	0	8	0	7	0	8	0	9	10000000
83508	87727	9.13	6	6	3	5	0	1	1	1	0	1	1	1	0	8	0	7	0	7	0	7	10000000
392681	556619	8.93	10	6	4	4	1	1	1	1	0	0	1	1	0	8	0	0	0	8	0	9	10000000
507319	637428	4.87	4	10	5	5	1	1	1	1	1	1	1	1	0	11	0	8	0	9	0	10	10000000
1066388	3932791	9.4	9	7	7	4	1	1	0	0	1	1	1	1	0	8	0	7	0	0	0	7	358567
337730	733355	5.07	7	5	6	4	0	1	1	1	1	1	1	1	0	7	0	7	0	7	0	8	10000000
3084784	3569677	6.2	7	4	4	4	1	1	1	1	1	1	0	0	0	10	0	8	0	7	0	0	53155
719921	1252270	6.8	9	10	4	5	1	1	1	1	0	0	1	1	0	7	0	0	0	8	0	8	98285
223822	298860	8.93	5	5	4	3	1	1	1	1	1	1	1	1	0	7	0	9	0	8	0	7	20098
568299	570295	5.73	7	6	5	5	0	1	1	1	0	1	1	1	0	7	0	7	0	9	0	9	10000000
1922210	2029030	6.67	6	4	4	5	1	1	1	1	0	0	1	1	0	8	0	0	0	8	0	7	10000000
5899393	6033780	7.13	9	9	5	5	1	1	1	1	1	0	1	1	0	9	0	0	0	7	0	9	10000000
345860	362618	9.0	17	3	6	4	0	1	1	1	1	1	1	1	0	7	0	8	0	7	0	7	10000000
964452	1630568	4.93	8	12	3	8	1	1	1	1	1	1	1	1	0	8	0	9	0	9	0	7	10000000
3108296	3403140	5.13	10	7	4	4	1	1	1	1	0	1	1	1	0	8	0	7	0	8	0	8	10000000
6711471	7723818	6.0	4	8	3	5	1	1	1	1	0	0	1	1	0	9	0	0	0	10	0	7	10000000
629396	1580340	7.47	7	10	3	3	1	1	1	1	1	1	1	1	0	8	0	7	0	8	0	7	87360
2349212	2355339	8.6	10	15	4	6	1	1	1	1	1	0	1	1	0	8	0	0	0	8	0	9	10000000
930239	1886983	7.87	12	7	5	4	1	1	1	1	0	1	1	1	0	8	0	7	0	8	0	7	16202
3527764	3528092	8.47	11	8	5	4	0	1	1	1	0	1	1	1	0	7	0	7	0	8	0	8	10000000
4914642	5110456	8.6	3	7	3	5	0	0	1	1	1	1	1	1	0	0	0	9	0	8	0	7	19545
452655	461807	2.53	17	9	5	5	1	1	1	1	1	1	1	1	0	7	0	8	0	9	0	10	10000000
9281	31152	4.87	9	12	7	4	1	1	1	1	1	1	1	1	0	13	0	7	0	8	0	8	10000000
165444	1730701	4.47	9	10	6	4	1	0	1	1	1	1	1	1	0	0	0	7	0	8	0	7	359551
2281884	2289492	5.2	9	10	3	6	1	1	1	1	0	1	1	1	0	8	0	7	0	7	0	8	10000000
979981	1156366	8.0	9	10	4	4	0	1	1	1	0	1	1	1	0	7	0	7	0	9	0	8	10000000
491263	525732	5.67	7	5	6	3	1	1	1	1	0	0	1	1	0	8	0	0	0	8	0	9	10000000
576103	633587	5.07	3	4	4	5	1	0	1	1	1	1	1	1	0	0	0	7	0	8	0	7	10000000
2684089	2954709	4.93	14	10	5	5	1	1	1	1	0	1	1	1	0	7	0	7	0	8	0	9	67425
3259908	3461029	4.6	6	8	3	5	1	1	1	1	1	1	1	1	0	11	0	8	0	7	0	10	10000000
41973	42085	3.73	16	18	4	5	1	1	1	1	1	1	1	1	0	7	0	9	0	103	0	9	10000000
475046	538429	4.07	9	15	5	6	1	0	1	1	1	1	1	1	0	0	0	9	0	11	0	8	10000000
141796	271222	5.0	14	10	6	3	1	1	1	1	1	1	1	1	0	7	0	8	0	8	0	9	3594
1004487	1026174	4.47	10	15	4	4	1	1	1	1	1	1	1	1	0	9	0	8	0	11	0	10	10000000
1347498	1460832	3.13	16	11	6	5	1	1	1	1	1	1	1	1	0	8	0	8	0	10	0	10	10000000
3732279	3751931	5.07	8	13	5	4	1	1	1	1	1	1	1	1	0	8	0	9	0	10	0	9	10000000
310257	464422	3.27	22	16	8	5	1	1	1	1	1	1	1	1	0	8	0	10	0	13	0	9	10000000
422592	609074	10.33	14	4	5	4	1	0	1	1	1	1	1	1	0	0	0	10	0	7	0	8	10000000
10946	12812	10.13	7	8	3	3	0	1	1	1	1	1	1	1	0	8	0	7	0	7	0	8	10000000
333053	660819	9.6	11	6	5	3	0	1	1	1	0	0	1	1	0	7	0	0	0	8	0	7	8136
304859	386967	10.0	10	7	5	7	1	0	1	1	1	1	1	1	0	0	0	7	0	8	0	7	26991
391575	538863	8.4	15	7	6	5	0	1	1	1	0	1	1	1	0	7	0	7	0	8	0	8	10000000
788982	922640	8.6	5	10	5	5	1	1	1	1	0	0	1	1	0	7	0	0	0	8	0	9	10000000
1312891	1327741	8.67	9	8	5	4	1	0	1	1	1	1	1	1	0	0	0	10	0	7	0	8	10000000
16981	476513	3.93	15	10	6	5	1	1	1	1	1	0	1	1	0	8	0	0	0	7	0	8	221348
1152432	1254734	4.8	7	11	4	5	1	1	1	1	1	1	1	1	0	7	0	7	0	9	0	8	10000000
70745	330957	4.0	15	5	5	5	1	1	1	1	1	1	1	1	0	12	0	8	0	7	0	8	10000000
230267	239974	9.33	8	5	3	6	1	1	0	0	0	1	1	1	0	7	0	7	0	0	0	7	10000000
1088490	1262938	7.33	6	5	4	5	0	0	0	0	0	0	1	1	0	0	0	0	0	0	0	7	10000000
2299184	2299258	9.13	12	8	5	4	1	1	1	1	1	1	1	1	0	7	0	12	0	141	0	12	10000000
854492	1407440	4.33	13	13	5	5	1	1	1	1	1	1	1	1	0	9	0	9	0	9	0	9	62999
298220	367419	7.27	4	10	3	5	1	1	1	1	1	1	1	1	0	7	0	9	0	7	0	9	22758
34092	509922	10.73	16	3	6	3	1	0	1	1	1	0	1	1	0	0	0	0	0	8	0	7	218836
156878	159021	7.8	4	11	5	4	0	1	0	0	0	0	1	1	0	8	0	0	0	0	0	8	10000000
54933	1214358	6.6	7	5	4	4	1	1	1	1	1	1	1	1	0	8	0	9	0	8	0	7	492933
1494643	1603302	5.13	1	8	4	4	1	1	1	1	1	1	1	1	0	9	0	8	0	8	0	8	10000000
165999	255048	6.13	5	3	5	3	1	1	1	1	1	1	1	1	0	8	0	7	0	8	0	7	10000000
507719	1033974	7.4	3	12	3	4	0	1	1	1	1	1	1	1	0	8	0	9	0	7	0	8	10000000
1243154	1362106	8.67	5	6	4	4	1	0	1	1	1	0	1	1	0	0	0	0	0	8	0	7	2886
1711164	2543526	6.8	8	4	7	3	1	0	1	1	1	1	1	1	0	0	0	7	0	7	0	7	46385
2647443	2656594	6.67	7	7	5	5	0	1	1	1	0	1	1	1	0	8	0	7	0	8	0	8	10000000
2766208	2895682	6.73	9	10	6	6	1	1	1	1	1	1	1	1	0	8	0	7	0	8	0	8	10000000
4386540	4823275	9.87	9	9	4	3	1	0	0	0	0	1	1	1	0	0	0	7	0	0	0	7	32434
57801	121505	7.6	5	8	6	4	1	1	0	0	0	1	1	1	0	7	0	8	0	0	0	7	10000000
956886	2867398	8.13	6	6	6	5	1	1	1	1	0	1	1	1	0	8	0	8	0	8	0	7	24434
3692796	3716546	8.27	3	4	5	4	1	0	1	1	1	1	1	1	0	0	0	8	0	7	0	7	10000000
77628	116343	4.87	10	7	3	3	1	0	1	1	1	0	1	1	0	0	0	0	0	7	0	9	1452
288536	550085	5.13	12	9	4	6	0	1	1	1	1	1	1	1	0	7	0	7	0	10	0	8	10000000
141422	628283	9.53	10	10	4	5	1	0	1	1	1	1	1	1	0	0	0	8	0	8	0	9	10000000
371693	409728	4.4	10	16	4	6	1	1	1	1	1	1	1	1	0	8	0	9	0	9	0	9	10000000
59501	90077	8.67	5	7	6	6	0	0	1	1	1	1	1	1	0	0	0	9	0	7	0	9	8188
1083752	1470228	7.47	9	8	5	5	1	0	1	1	1	1	1	1	0	0	0	9	0	8	0	10	57834
2488233	3116994	8.0	7	12	4	4	1	1	1	1	0	1	1	1	0	7	0	9	0	7	0	7	39130
520606	522901	7.13	9	8	5	5	1	1	1	1	0	1	1	1	0	7	0	7	0	7	0	7	10000000
1379957	2656330	7.53	6	6	4	3	0	0	0	0	0	1	1	1	0	0	0	7	0	0	0	7	66439
102770	718097	5.93	8	7	4	4	1	1	1	1	0	1	1	1	0	8	0	8	0	7	0	10	191990
4053031	4145134	9.0	8	6	4	8	1	1	1	1	1	1	1	1	0	7	0	7	0	7	0	8	10000000
971948	1421138	8.6	14	5	10	6	1	1	1	1	1	1	1	1	0	9	0	8	0	7	0	7	10000000
255853	376127	5.47	4	7	4	6	1	0	1	1	0	1	1	1	0	0	0	7	0	8	0	7	10000000
531804	2243271	5.93	8	7	4	4	1	1	0	0	1	0	1	1	0	7	0	0	0	0	0	8	151763
6971	9694	4.33	11	4	6	4	1	0	1	1	1	0	1	1	0	0	0	0	0	10	0	7	10000000
205284	354395	4.0	11	20	8	7	1	1	1	1	1	0	1	1	0	13	0	0	0	10	0	10	10000000
2634414	3337999	4.6	9	11	5	4	1	1	1	1	1	0	1	1	0	8	0	0	0	9	0	10	10000000
8475551	8563586	3.47	12	13	6	5	1	1	1	1	1	1	1	1	0	8	0	9	0	9	0	9	10000000
8873303	9604432	4.13	8	8	5	3	1	1	1	1	1	1	1	1	0	7	0	8	0	8	0	9	10000000
98986	132876	5.2	5	5	5	3	1	1	1	1	1	1	1	1	0	7	0	7	0	8	0	7	10000000
1123095	1630022	4.87	5	13	5	5	1	1	1	1	1	1	1	1	0	7	0	10	0	8	0	8	179909
3544595	3698856	4.93	10	11	4	5	1	0	1	1	0	1	1	1	0	0	0	8	0	8	0	8	10000000
366783	1420336	4.67	11	6	5	3	1	1	1	1	0	1	1	1	0	8	0	7	0	8	0	12	224766
1951174	2075477	5.47	3	5	3	6	1	1	1	1	0	1	1	1	0	7	0	7	0	7	0	7	10000000
25577	1388953	5.27	10	9	4	4	0	0	1	1	1	0	1	1	0	0	0	0	0	7	0	7	193383
2355181	2696632	4.27	12	10	5	4	1	1	1	1	0	0	1	1	0	7	0	0	0	7	0	7	10000000
72227	672834	5.93	7	3	4	3	1	1	1	1	0	1	1	1	0	7	0	7	0	8	0	7	59053
