4356645	4379281	4.2	13	5	5	5	1	0	1	1	1	1	1	1	0		7	8		8	10000000
4641141	4975026	3.93	9	14	4	7	1	1	1	1	1	1	1	1	10		10	7		8	113225
7026164	7433886	4.47	9	5	4	4	1	1	1	1	1	0	1	1	8		0	8		8	31645
559540	1019869	6.07	5	7	8	5	1	1	1	1	1	1	1	1	7		7	8		7	22412
4156923	4464242	5.67	5	7	7	4	0	1	1	1	0	1	1	1	9		7	7		9	38006
440004	592101	7.07	4	5	4	4	0	1	1	1	1	1	1	1	7		7	8		7	10000000
1390230	1427432	8.93	7	8	4	5	1	1	1	1	0	1	1	1	8		10	8		8	10000000
2579238	2959344	6.73	5	8	4	4	1	1	1	1	1	1	1	1	8		9	8		8	19367
4117835	4119358	6.2	6	7	4	5	1	1	1	1	1	0	1	1	7		0	7		8	10000000
4290565	4593153	6.2	9	4	5	4	1	1	1	1	0	1	1	1	8		8	8		7	10000000
606730	881489	5.67	5	4	5	4	0	1	1	1	1	1	1	1	7		8	7		10	10000000
2698108	2802550	5.13	7	8	5	4	1	1	1	1	1	1	1	1	8		7	7		8	10000000
3822919	3976866	5.8	11	4	5	4	0	1	1	1	0	1	1	1	8		7	7		10	10000000
4480490	4481688	5.07	10	8	6	6	1	1	0	0	1	1	1	1	7		7	0		9	10000000
100331	963831	10.67	4	12	4	4	1	1	1	1	1	1	1	1	7		8	8		8	263630
377907	413052	6.47	8	15	4	5	1	1	0	0	1	1	1	1	8		7	0		8	10000000
499899	874134	5.4	7	7	4	6	1	1	1	1	1	1	1	1	8		8	9		8	180835
106368	264658	3.13	17	7	7	4	1	1	1	1	1	1	1	1	7		7	8		10	10000000
1209662	1296040	5.33	5	6	3	5	1	0	1	1	1	0	1	1	0		0	8		7	10000000
2203772	2239891	4.4	6	9	4	4	1	1	1	1	1	0	1	1	7		0	10		8	10000000
2715443	2973533	5.73	6	12	4	6	0	1	1	1	0	1	1	1	7		8	10		10	10000000
394824	601721	5.93	4	3	5	3	0	1	1	1	1	0	1	1	7		0	8		7	10000000
455119	1489188	6.67	4	12	3	4	1	1	1	1	1	1	1	1	7		7	8		8	103625
2105432	2509013	7.8	5	9	6	5	1	0	1	1	1	0	1	1	0		0	8		7	31676
3045572	3046047	6.27	4	1	4	3	1	1	1	1	1	1	1	1	7		8	9		8	10000000
1184167	1386250	6.27	9	5	5	4	1	0	1	1	0	0	0	0	0		0	9		0	55086
3336304	3339431	4.73	6	9	4	4	1	0	1	1	1	0	1	1	0		0	8		7	10000000
2326685	2845447	5.8	5	8	4	4	1	0	1	1	0	1	1	1	0		9	8		7	10000000
4011825	4381549	5.93	6	2	6	3	0	0	1	1	0	1	1	1	0		9	9		8	10000000
117695	126002	5.07	4	10	4	6	1	1	1	1	0	0	1	1	7		0	7		8	10000000
80721	92676	7.87	8	7	4	3	1	1	0	0	0	1	1	1	7		7	0		8	10000000
540030	543649	9.4	8	6	5	5	1	0	1	1	1	0	1	1	0		0	7		8	10000000
264666	630817	4.73	11	6	4	3	1	1	1	1	1	1	1	1	11		7	7		8	10000000
2298438	3331501	9.0	5	5	4	4	1	1	1	1	1	1	1	1	7		7	9		7	24019
2903742	2968790	7.27	16	7	6	4	0	1	1	1	1	0	1	1	9		0	8		8	10000000
3190130	3281995	8.33	7	8	5	3	1	0	1	1	0	1	1	1	0		7	8		8	10000000
643173	682690	7.6	5	10	4	4	1	1	1	1	0	1	1	1	7		8	8		9	10000000
190357	284564	5.73	8	5	6	4	1	1	1	1	1	1	1	1	9		9	7		7	25450
488209	494487	6.4	6	3	4	5	1	1	1	1	0	1	1	1	9		7	10		7	10000000
3502145	3698425	7.13	8	5	5	3	0	0	1	1	1	0	1	1	0		0	7		7	10000000
5482467	6056104	5.47	2	8	3	4	1	1	1	1	0	1	1	1	9		7	8		9	10000000
132762	342979	7.33	6	8	5	5	1	0	1	1	1	0	1	1	0		0	8		9	10000000
32355	1129683	5.07	8	13	4	6	1	1	1	1	1	1	1	1	7		9	9		12	151794
2924184	3703744	6.27	7	5	4	6	0	1	1	1	1	0	1	1	8		0	7		7	10000000
5892519	8102236	5.73	6	10	3	4	0	1	1	1	1	1	1	1	9		7	8		9	162883
979969	1908861	8.47	9	5	5	3	1	1	1	1	1	0	1	1	7		0	8		10	114655
2281880	2373841	10.27	19	5	6	5	1	1	1	1	1	1	1	1	7		9	7		7	10000000
2552491	2675912	7.2	7	8	4	4	1	1	1	1	0	0	1	1	7		0	7		8	10000000
3082344	3619302	8.53	12	8	7	4	1	0	1	1	0	1	1	1	0		8	7		7	7513
3861333	4108613	10.73	10	12	5	6	1	0	1	1	1	1	1	1	0		7	8		7	103920
33312	381282	5.8	11	3	4	4	1	1	1	1	1	1	1	1	7		8	7		7	10000000
7126	49197	4.87	13	3	5	4	1	0	1	1	1	0	1	1	0		0	8		7	10000000
483132	1655223	4.93	6	7	4	5	1	1	1	1	0	0	1	1	7		0	7		9	41863
1517418	2299178	6.2	6	7	4	4	1	1	1	1	1	1	1	1	7		7	7		8	313379
56678	767347	8.47	12	11	4	4	1	1	1	1	0	1	1	1	8		7	8		8	10000000
135072	361751	5.87	9	7	4	3	1	0	1	1	1	1	1	1	0		7	8		7	10000000
649768	656177	6.07	6	6	4	5	0	1	1	1	1	1	1	1	8		8	11		9	10000000
2428586	2991943	4.67	6	10	5	6	1	1	1	1	1	1	1	1	7		7	7		8	104659
997759	3576663	4.33	11	11	5	4	1	1	1	1	1	1	1	1	7		8	8		8	323408
67221	85057	5.53	6	7	5	7	1	1	1	1	1	1	1	1	8		7	8		8	10000000
829342	849985	3.87	18	12	6	7	1	1	1	1	1	1	1	1	8		10	10		10	10000000
177767	296632	4.6	9	12	6	5	1	1	1	1	1	1	1	1	8		9	9		9	38893
930262	966833	3.87	12	12	6	6	1	1	1	1	1	1	1	1	11		8	9		10	10000000
1607081	2787701	4.47	12	12	5	5	1	1	1	1	1	1	1	1	11		7	8		10	368212
3439044	3441560	4.6	6	5	4	5	1	1	1	1	1	0	1	1	8		0	7		12	10000000
47602	48971	3.93	12	6	5	6	1	1	1	1	1	1	1	1	7		7	8		13	10000000
571999	752816	9.2	8	9	5	4	1	1	1	1	0	0	1	1	7		0	8		9	10000000
12511	14606	9.0	11	5	5	4	1	1	1	1	1	1	1	1	7		7	8		8	10000000
633588	665549	9.0	8	5	4	4	1	0	1	1	1	0	1	1	0		0	8		7	12866
424340	444178	9.4	15	7	4	4	0	1	1	1	1	1	1	1	12		9	8		8	10000000
102365	207513	8.93	5	3	4	5	1	0	1	1	1	1	1	1	0		7	8		8	31060
825993	988805	7.87	4	10	4	4	0	1	1	1	0	0	1	1	9		0	9		9	10000000
1214359	1336851	9.4	9	8	4	4	1	1	1	1	1	0	1	1	9		0	8		13	10000000
172199	653312	4.07	7	5	4	7	0	1	1	1	1	1	1	1	8		8	9		9	81920
1379497	1391602	5.47	10	8	5	6	1	1	1	1	0	1	1	1	7		8	9		7	10000000
365361	442166	4.73	9	7	4	4	1	1	1	1	1	1	1	1	7		8	11		10	8208
185079	198484	10.47	20	6	5	6	1	1	1	1	1	0	1	1	7		0	8		7	10000000
620658	800422	8.13	10	9	5	4	1	0	1	1	1	0	1	1	0		0	7		8	17822
1934568	2282341	7.93	9	9	5	6	1	1	1	1	1	1	1	1	7		7	9		8	10722
1432970	1459795	4.13	17	17	6	5	1	1	1	1	1	1	1	1	11		7	10		10	10000000
300003	475984	7.93	7	10	4	4	1	1	1	1	0	1	1	1	7		7	7		7	17311
339318	456905	8.67	8	11	4	5	1	1	1	1	0	1	1	1	8		8	7		7	10000000
81497	158047	8.07	6	5	3	3	1	1	1	1	0	0	1	1	8		0	7		7	10000000
722988	761639	5.33	10	6	4	5	1	0	1	1	1	1	1	1	0		7	9		9	10000000
837195	1613461	4.67	8	10	4	6	1	1	1	1	1	1	1	1	7		7	8		8	10000000
269382	297142	4.93	6	7	4	5	0	0	0	0	1	1	1	1	0		7	0		8	10000000
974822	1077688	7.33	6	5	4	4	0	0	1	1	0	0	1	1	0		0	7		7	10000000
1220971	1316849	7.33	5	7	5	5	0	1	1	1	1	0	1	1	8		0	7		7	25069
1919967	2040217	7.0	8	4	7	4	1	0	1	1	1	1	1	1	0		9	7		8	10000000
2623080	2624325	8.13	10	7	4	5	1	1	1	1	1	1	1	1	7		10	9		7	10000000
3103294	3150384	6.4	7	10	6	4	1	1	1	1	1	1	0	0	8		9	7		0	10000000
4085466	5105379	7.73	6	8	3	4	1	1	1	1	0	0	1	1	7		0	7		7	314538
73409	111161	7.4	4	8	4	5	0	0	1	1	0	1	1	1	0		7	8		7	10000000
1005705	2270694	6.67	0	3	0	5	1	1	1	1	0	1	1	1	8		7	8		9	93608
3709979	3726546	7.13	9	6	5	3	0	1	1	1	0	1	0	0	7		7	8		0	10000000
91733	118609	6.0	12	5	5	6	1	1	1	1	1	1	1	1	9		7	7		8	10000000
273058	327523	4.93	8	8	5	5	1	1	1	1	1	1	1	1	8		7	7		11	10000000
848538	900959	9.53	11	5	4	3	1	1	1	1	1	1	1	1	7		8	9		8	10000000
305654	319088	5.27	8	16	6	5	1	1	1	1	1	0	1	1	10		0	8		9	10000000
4139	38986	8.0	7	6	4	4	0	1	1	1	1	1	1	1	8		9	8		7	10000000
1512894	1669656	8.0	9	9	5	4	1	0	1	1	1	0	1	1	0		0	7		8	10000000
3092691	3314279	6.47	4	10	4	6	1	1	1	1	1	0	1	1	7		0	8		8	35718
360320	482831	6.93	7	9	5	4	1	1	1	1	1	1	1	1	8		7	8		8	10000000
1504243	3380137	7.07	3	5	4	4	0	1	0	0	0	1	1	1	8		7	0		10	51553
780634	1569535	6.53	9	8	4	4	1	0	1	1	1	1	1	1	0		9	7		9	139415
2977495	4341630	7.07	6	9	3	5	1	1	1	1	0	1	0	0	8		7	7		0	36580
203038	776529	10.87	15	10	6	5	1	1	0	0	1	0	1	1	8		0	0		9	56866
188852	291942	8.73	6	4	3	4	1	1	1	1	1	0	1	1	8		0	8		7	10000000
2039851	4287515	5.13	11	7	5	5	1	1	1	1	1	0	1	1	7		0	7		7	147259
6362	7494	3.73	9	10	5	5	1	1	1	1	1	0	1	1	7		0	10		10	10000000
182315	189932	3.4	9	11	5	6	1	1	1	1	1	1	1	1	7		7	9		12	10000000
1101349	3954114	3.6	13	14	6	5	1	1	1	1	1	1	1	1	9		8	7		8	437451
7390657	7444155	4.47	5	9	4	6	1	1	1	1	1	1	1	1	8		7	7		8	10000000
9177531	9182706	3.53	15	11	5	4	1	1	1	1	1	1	1	1	8		8	8		9	10000000
44164	148626	6.07	4	8	4	5	1	0	1	1	1	1	1	1	0		8	7		8	10000000
1046435	1615378	5.13	6	9	4	4	1	0	1	1	1	0	1	1	0		0	9		8	29010
389378	1304111	4.53	6	12	4	4	1	1	1	1	1	1	1	1	7		7	8		11	252632
587071	1670006	4.53	12	10	5	5	1	1	1	1	0	0	1	1	7		0	8		10	74104
2092731	2107015	5.47	6	4	4	5	1	1	1	1	1	0	1	1	10		0	7		7	10000000
1593917	1758587	5.47	9	7	6	3	1	1	1	1	0	1	1	1	8		7	10		10	792
2668119	2803021	4.53	12	8	5	4	1	1	1	1	1	1	1	1	7		7	10		8	10000000
271138	909516	6.07	7	8	4	5	1	1	1	1	1	1	1	1	7		8	10		8	127322
