4067042	4267500	4.07	15	8	7	3	1	1	1	1	1	1	1	1	8		11	8		7	10000000
4782808	4853116	3.33	10	7	4	4	1	0	1	1	1	1	1	1	0		9	11		9	10000000
7502800	7509809	3.27	9	12	5	5	1	1	1	1	1	0	1	1	9		0	9		10	10000000
1190150	1225474	6.33	11	8	4	5	1	0	1	1	1	0	1	1	0		0	10		7	10000000
2397064	4357371	5.67	8	12	3	5	0	1	1	1	0	1	1	1	7		8	7		8	222335
456040	843759	6.53	9	6	4	4	1	0	1	1	0	1	1	1	0		8	7		8	10000000
1328177	1525614	8.53	7	13	5	5	0	0	1	1	1	1	1	1	0		8	8		8	10000000
2746458	2961661	6.73	3	5	3	6	0	1	1	1	1	0	1	1	7		0	7		7	21684
4026108	4070159	8.4	9	5	5	4	1	1	1	1	1	0	1	1	8		0	7		7	10000000
4725454	4728077	6.47	5	8	4	4	1	1	1	1	0	1	1	1	8		9	7		8	10000000
1991898	1995595	5.93	4	5	4	3	1	0	1	1	1	1	1	1	0		9	9		7	10000000
2666523	2687786	4.93	6	9	4	3	1	1	1	1	0	0	1	1	7		0	7		11	10000000
3054208	3919012	5.33	9	7	4	3	1	1	1	1	1	1	1	1	8		8	8		8	169792
4439517	4466336	5.07	11	2	5	3	1	0	1	1	1	1	1	1	0		8	9		8	10000000
1329648	1416871	10.6	16	9	6	4	1	1	1	1	1	0	1	1	9		0	8		10	10000000
6875	180684	5.47	12	6	7	4	1	1	1	1	0	1	1	1	8		7	8		7	10000000
616902	639903	6.2	8	2	3	3	0	1	1	1	1	0	1	1	8		0	8		8	10000000
389756	405079	6.2	10	12	5	5	0	1	1	1	1	1	1	1	7		7	8		8	10000000
1095328	1560114	4.87	9	13	4	7	1	1	1	1	1	1	1	1	9		7	10		9	10000000
2263826	2460286	5.33	4	4	4	3	1	1	1	1	0	1	1	1	7		7	7		8	10000000
2616682	3436924	4.47	12	7	4	4	1	1	1	1	1	1	1	1	8		7	11		8	10000000
1112096	1139846	7.07	5	13	5	4	1	1	1	1	1	1	1	1	7		7	9		9	10000000
1740138	1846668	7.13	10	10	4	5	1	1	1	1	0	1	1	1	8		7	7		8	10000000
2703098	2758384	6.67	6	4	3	7	0	1	1	1	0	1	1	1	8		7	7		7	2443
2960312	3000830	6.33	8	3	7	3	0	0	0	0	1	1	0	0	0		7	0		0	12450
606466	1195813	5.0	7	4	3	3	1	1	1	1	1	0	1	1	7		0	7		8	74091
2525534	2703143	6.4	7	10	4	4	0	1	1	1	1	0	1	1	8		0	9		7	10000000
236437	1550987	5.73	7	5	5	3	0	1	1	1	1	1	1	1	7		8	7		10	55462
3784163	4537225	5.33	4	7	4	6	1	0	1	1	1	1	1	1	0		7	8		7	4822
362666	378089	4.73	10	6	5	4	1	0	1	1	1	1	1	1	0		7	9		7	10000000
62188	78962	10.67	13	10	4	4	1	1	1	1	1	0	0	0	9		0	8		0	10000000
448890	487076	8.0	7	10	4	5	1	1	1	1	0	0	1	1	8		0	9		8	10000000
131015	442278	4.8	8	6	5	4	1	1	1	1	1	1	1	1	7		8	8		8	10000000
959213	2043098	9.73	11	11	5	6	1	1	1	1	1	1	1	1	8		9	8		7	27268
1674586	2027047	8.6	12	11	5	4	1	1	1	1	0	0	1	1	7		0	7		8	93489
3153786	3198870	6.6	7	6	6	5	0	1	0	0	0	0	1	1	8		0	0		8	10000000
1234982	1963161	8.4	10	6	4	3	0	1	1	1	0	0	0	0	9		0	7		0	156977
293280	296812	5.87	6	7	4	4	1	0	1	1	0	0	1	1	0		0	8		7	10000000
477903	487207	5.27	3	4	5	4	0	1	1	1	0	1	1	1	8		8	8		7	10000000
4133258	4227332	5.4	9	5	3	4	1	1	1	1	1	1	1	1	7		8	8		8	10000000
5596729	6072841	6.33	8	10	6	5	1	1	1	1	1	0	1	1	9		0	8		8	10000000
11882	328757	7.47	9	6	4	3	1	1	1	1	1	0	1	1	9		0	7		8	10000000
677625	1042555	4.47	10	9	6	4	1	1	1	1	1	1	1	1	7		8	9		7	92664
3284820	4764250	4.2	10	9	6	4	1	1	1	1	1	1	1	1	10		7	8		8	10000000
8036755	8550276	4.67	9	9	4	8	1	1	1	1	1	1	1	1	8		14	8		10	10000000
771332	1334701	8.2	8	8	4	6	0	1	1	1	1	1	1	1	8		7	7		7	10000000
2202118	2232475	8.4	7	8	6	4	1	0	1	1	1	1	1	1	0		7	8		7	2842
1390399	2763127	7.93	6	3	4	3	1	1	1	1	0	1	1	1	8		7	7		8	23118
3505753	3655276	7.13	7	3	4	6	1	1	1	1	1	0	1	1	8		0	10		10	39365
4189924	4676913	8.4	14	6	5	4	1	1	1	1	0	1	1	1	7		8	7		7	191435
503238	510609	4.0	17	10	7	5	1	1	1	1	1	1	1	1	8		7	9		7	10000000
21231	22739	5.13	8	14	5	5	0	1	1	1	0	0	1	1	7		0	8		9	10000000
1684425	1775428	3.53	14	7	4	3	1	1	1	1	1	1	1	1	7		8	8		8	10000000
1371783	2037758	5.67	9	6	4	5	0	0	1	1	1	0	1	1	0		0	7		7	51959
938343	1063790	11.2	11	9	6	4	1	0	1	1	1	0	1	1	0		0	7		7	10000000
353152	492971	4.67	11	11	4	6	1	1	1	1	1	1	1	1	7		7	7		10	10000000
615785	643087	5.27	8	7	7	4	1	1	1	1	1	1	1	1	7		9	9		7	10000000
2226273	3253736	6.2	5	8	5	5	1	1	1	1	1	1	1	1	10		7	10		8	366452
1137675	1535725	4.8	10	7	4	5	1	1	1	1	1	1	1	1	7		7	8		9	94790
82456	137281	4.87	4	11	7	5	1	1	1	1	1	1	1	1	8		11	9		9	10080
839787	847874	4.33	9	12	4	7	1	1	1	1	1	1	1	1	8		7	11		10	10000000
679746	781747	4.67	9	8	4	7	1	1	0	0	1	1	1	1	7		13	0		7	10000000
1008165	1094281	4.0	17	6	6	4	1	1	1	1	1	1	0	0	8		8	7		0	10000000
2874550	3059612	5.47	5	11	3	6	1	1	1	1	1	1	1	1	8		8	9		8	10000000
3164845	3640679	4.2	14	12	6	3	1	1	1	1	1	1	1	1	10		9	10		9	10000000
425895	490377	3.87	12	8	9	4	1	0	1	1	1	1	1	1	0		7	10		9	10000000
1231306	1245943	9.67	5	12	5	5	1	1	1	1	1	1	1	1	7		9	9		8	10000000
15519	16976	9.8	4	5	4	5	1	1	0	1	1	1	0	0	8		7	7		0	10000000
660763	711289	7.87	5	14	4	4	1	1	1	1	0	1	1	1	7		7	8		7	10000000
182749	184342	9.4	5	10	6	4	1	1	1	1	0	0	1	1	8		0	8		7	10000000
638772	711433	8.0	1	13	3	5	0	1	1	1	1	0	1	1	7		0	10		7	10000000
169685	872873	8.27	6	11	3	5	0	1	1	1	0	0	1	1	8		0	7		8	6406
1326384	1349627	8.53	6	10	3	4	1	1	1	1	0	0	1	1	7		0	7		9	10000000
303418	640904	5.2	7	11	4	5	1	1	1	1	1	0	1	1	7		0	10		7	80414
1025358	1046891	5.27	8	12	5	4	1	1	1	1	0	0	1	1	7		0	7		10	10000000
116117	368160	4.73	12	9	5	4	1	1	1	1	1	1	1	1	7		10	8		7	10000000
145795	173530	9.2	8	20	5	5	1	1	1	1	0	1	1	1	9		8	7		7	10000000
538244	1500895	7.67	7	11	4	4	0	1	1	1	1	1	0	0	9		7	8		0	38624
2028195	2030959	7.73	6	7	6	4	0	1	1	1	0	0	1	1	7		0	7		7	10000000
1012836	1395663	5.6	10	9	5	4	1	1	1	1	1	1	1	1	8		7	7		10	10000000
272566	494451	8.2	8	9	4	5	1	0	1	1	0	0	1	1	0		0	7		7	35778
83899	443694	8.47	12	14	7	3	1	1	1	1	0	1	0	0	8		9	9		0	152608
170332	175484	8.33	12	4	5	3	1	1	1	1	0	0	1	1	8		0	7		7	10000000
732376	1003715	5.8	8	10	4	5	1	0	1	1	1	1	1	1	0		7	8		8	10000000
1645402	1848639	4.67	10	4	6	4	1	1	1	1	1	1	1	1	7		7	8		10	31225
3757	35634	7.27	6	9	4	4	1	1	1	1	0	1	1	1	9		7	7		7	10000000
877850	1084288	6.67	12	12	7	6	0	1	1	1	1	1	1	1	7		7	7		8	10000000
1283349	1301731	6.73	8	4	5	4	0	1	1	1	1	1	0	0	7		8	7		0	10000000
1531502	2380126	5.87	12	7	4	4	1	1	1	1	1	1	1	1	8		7	8		9	10124
2619981	2649915	7.27	6	5	5	6	0	1	1	1	0	1	1	1	7		8	8		9	10000000
3163926	3169601	6.67	5	4	4	4	0	1	1	1	0	1	0	0	7		8	8		0	10000000
4797673	5077603	9.67	7	4	4	7	1	0	1	1	1	1	1	1	0		7	8		8	10000000
135913	215520	7.53	7	5	4	5	1	1	1	1	0	1	1	1	7		8	8		7	10000000
125790	3364293	9.73	10	6	7	6	1	1	0	0	1	0	0	0	8		0	0		0	103081
3708512	3721519	6.73	6	12	4	6	1	1	1	1	1	0	1	1	7		0	7		8	10000000
1741	75571	6.93	13	12	4	4	1	1	1	1	1	1	1	1	7		7	7		7	10000000
424708	438676	4.87	6	11	4	4	1	1	1	1	1	0	1	1	10		0	8		12	10000000
247269	513238	10.4	17	9	5	6	1	1	1	1	1	0	1	1	7		0	7		8	10000000
64408	369813	4.93	9	6	7	6	1	1	1	1	1	1	1	1	10		7	8		8	4504
77344	80736	8.4	7	6	5	4	1	1	1	1	1	0	1	1	7		0	9		7	10000000
941596	1273483	7.53	11	7	6	5	1	1	1	1	0	0	1	1	10		0	8		7	10000000
3000703	3167590	6.33	3	6	3	4	1	1	1	1	1	1	1	1	7		7	10		8	38120
29054	401657	7.53	7	11	4	5	1	0	1	1	1	1	1	1	0		7	12		7	10000000
4010620	4091290	6.27	10	8	4	5	1	1	1	1	1	0	1	1	7		0	8		9	10000000
1096560	1684030	6.47	6	9	5	4	0	1	1	1	1	1	1	1	7		7	7		7	46728
4348531	4376320	6.6	8	11	3	5	0	1	1	1	0	1	1	1	7		11	8		8	10000000
1420693	1451620	9.13	5	8	5	5	1	0	1	1	1	0	1	1	0		0	7		9	10000000
96638	274260	5.67	8	4	3	4	0	0	1	1	0	1	1	1	0		7	7		7	10000000
2901127	4067993	6.0	8	5	6	4	1	0	1	1	1	1	1	1	0		7	8		9	10631
1657	11667	5.33	4	10	3	4	1	1	1	1	1	1	1	1	7		7	7		7	10000000
88351	200186	3.93	14	10	6	5	1	1	1	1	1	1	1	1	8		7	8		9	10000000
2104018	5317464	4.8	9	13	6	6	1	0	1	1	0	1	1	1	0		8	7		9	4390
8064212	8504046	3.93	10	10	6	6	1	1	1	1	1	1	1	1	8		9	9		8	14522
9522726	9601886	5.2	8	7	5	3	1	1	1	1	1	1	1	1	7		7	10		9	10000000
381700	622758	5.73	2	6	4	3	1	0	1	1	1	0	1	1	0		0	8		8	10000000
924951	1016941	5.93	7	6	4	6	0	0	1	1	1	1	1	1	0		8	8		8	2201
1988846	3113644	4.6	7	3	4	3	1	1	1	1	0	1	1	1	7		7	7		8	442122
1329511	1761020	6.53	4	5	5	3	0	1	1	1	1	0	1	1	9		0	7		9	24699
2215820	2240347	5.8	9	14	5	4	1	0	1	1	1	1	1	1	0		7	10		9	10000000
313537	2197474	4.67	6	12	4	5	1	1	1	1	0	1	1	1	7		9	7		8	49858
2768801	2908172	6.0	6	5	5	6	1	1	1	1	0	1	1	1	8		7	9		9	10000000
685134	836776	5.73	8	10	4	6	1	0	1	1	1	0	1	1	0		0	8		9	54582
