58786	2845015	3.93	11	12	4	6	0	1	1	1	0	1	1	1	7		7	8		12	19803
4741865	5013684	3.33	15	14	5	4	1	1	1	1	1	0	1	1	9		0	9		9	12501
5122131	6130028	4.4	8	13	6	4	1	1	1	1	1	1	1	1	7		7	8		8	9268
349846	812036	8.07	11	5	5	5	1	1	1	1	1	1	1	1	8		7	8		7	228822
4063166	4497210	5.93	7	7	5	6	0	1	0	0	1	0	0	0	7		0	0		0	70812
84319	253647	5.47	10	6	5	3	1	0	0	0	0	1	1	1	0		8	0		7	1853
1126835	1436693	7.0	8	7	5	5	1	1	1	1	0	1	1	1	9		7	7		7	121574
1616345	3033831	7.6	5	5	5	3	1	0	1	1	0	1	1	1	0		8	9		7	93854
3232117	3389751	7.47	7	7	4	4	1	1	1	1	1	0	1	1	7		0	8		9	72768
4158433	4467550	6.73	6	7	4	4	1	1	1	1	1	0	1	1	9		0	7		8	10000000
365350	469345	5.6	9	9	4	3	1	0	1	1	0	0	1	1	0		0	7		8	10000000
2708081	2771008	4.8	6	5	5	3	1	1	1	1	1	0	1	1	7		0	8		7	10000000
4359431	4362149	5.0	5	5	4	6	1	1	1	1	1	1	1	1	8		8	9		9	10000000
4484444	4484540	6.33	8	6	3	3	1	1	1	1	1	0	1	1	8		0	119		8	10000000
643192	1513274	9.47	6	11	4	5	1	1	1	1	1	1	1	1	8		7	7		8	56794
95473	175111	5.47	4	6	4	3	1	0	1	1	1	1	1	1	0		13	8		7	10000000
580660	614778	5.13	6	12	4	5	0	1	1	1	0	0	1	1	9		0	11		7	10000000
276868	347232	4.8	9	13	5	6	1	1	1	1	1	1	1	1	9		8	9		8	10000000
577861	1034548	6.13	10	5	5	4	1	1	1	1	0	1	1	1	7		7	10		8	204142
2070759	2444314	4.07	11	7	4	5	1	1	1	1	1	0	1	1	8		0	7		7	10000000
2971595	3023595	5.87	3	8	3	6	1	1	1	1	0	1	1	1	26		10	8		10	10000000
730751	1160961	6.2	8	9	6	4	0	0	1	1	0	1	0	0	0		7	7		0	10000000
726639	852306	7.27	9	11	3	5	1	1	1	1	1	0	1	1	9		0	7		7	10000000
2947380	2949772	7.93	2	10	5	5	1	1	1	1	1	1	1	1	7		7	8		9	10000000
3034830	3042365	7.0	12	8	6	5	1	1	1	1	1	1	1	1	10		7	7		9	10000000
383415	932879	6.13	8	7	3	4	0	1	1	1	1	1	1	1	8		7	9		7	192090
2996753	3258238	5.47	9	5	4	4	1	1	1	1	1	0	1	1	7		0	7		8	32576
2398072	2827503	6.13	6	5	5	5	0	1	1	1	0	1	1	1	8		7	8		7	10000000
3776363	5255650	5.27	5	3	3	3	1	1	1	1	1	1	1	1	7		8	8		8	192428
366280	379620	5.67	4	13	3	6	1	0	1	1	1	1	1	1	0		7	7		7	10000000
84158	91665	9.6	8	7	4	3	1	0	1	1	1	0	1	1	0		0	8		8	10000000
391567	470850	9.0	7	8	3	4	1	0	1	1	0	1	1	1	0		7	7		7	10000000
674870	736925	5.2	7	11	4	5	1	1	1	1	1	1	1	1	8		8	8		8	10000000
1615757	2330813	7.53	4	6	4	5	1	1	1	1	0	1	1	1	7		8	8		8	7493
1705380	2153138	8.13	7	9	4	4	0	1	1	1	0	1	1	1	8		7	7		8	219580
3271578	3509139	7.6	14	11	5	5	1	1	1	1	1	0	1	1	7		0	9		9	43433
2153613	2176710	7.53	4	9	5	6	1	1	1	1	0	0	1	1	7		0	8		8	10000000
119170	160051	5.53	7	9	3	4	1	0	1	1	0	1	1	1	0		13	8		8	10000000
421986	572952	5.47	5	9	3	5	1	0	1	1	1	0	1	1	0		0	10		8	10000000
778627	2450077	6.13	11	10	4	5	1	1	1	1	0	1	1	1	7		7	7		8	331014
4472913	4955120	6.87	6	4	5	4	0	1	1	1	1	1	1	1	7		7	7		8	67803
220355	352693	8.8	12	10	5	4	1	0	1	1	1	0	1	1	0		0	7		7	10000000
1308578	1437196	4.8	6	10	3	6	1	1	1	1	1	1	1	1	7		7	8		8	10000000
4656537	5493246	5.13	5	15	3	4	1	1	1	1	1	1	1	1	10		8	9		11	358306
6833681	7113573	5.4	8	11	5	4	0	0	1	1	0	1	1	1	0		8	8		7	10000000
405143	1256166	8.73	14	3	5	5	1	1	1	1	1	0	1	1	7		0	8		8	40139
2159145	2393733	9.27	9	14	5	5	1	1	1	1	1	0	1	1	8		0	8		7	4678
2027610	2040632	9.8	9	8	6	3	1	1	1	1	1	1	1	1	11		7	9		10	10000000
3722837	3743825	8.27	11	12	6	5	0	1	1	1	0	1	1	1	7		7	7		8	10000000
4905365	5143387	6.93	5	7	4	4	1	0	1	1	0	1	1	1	0		7	8		7	52476
482644	502299	5.6	17	5	5	3	1	1	1	1	1	0	1	1	7		0	8		8	10000000
5927	23980	5.2	9	13	4	3	1	1	1	1	0	0	1	1	7		0	8		8	10000000
2279844	2291144	4.87	8	9	4	6	1	0	1	1	1	1	1	1	0		8	8		7	10000000
775026	1282741	5.27	10	11	4	4	1	0	1	1	1	0	1	1	0		0	8		8	10000000
747607	795523	9.4	9	5	5	5	1	1	1	1	1	1	1	1	9		9	9		7	10000000
292984	380139	4.93	5	13	4	4	1	1	1	1	1	1	1	1	8		7	9		9	10000000
596805	655178	4.73	11	10	5	6	1	0	1	1	1	0	1	1	0		0	8		8	10000000
2905911	3170819	5.33	9	9	6	4	1	1	1	1	1	1	1	1	8		8	7		9	10000000
1848274	2617594	4.8	5	8	7	5	1	1	1	1	1	1	1	1	7		7	8		8	183753
15770	25143	3.67	11	18	6	4	1	1	1	1	1	1	1	1	9		9	10		9	10000000
425244	748763	4.13	13	8	5	5	1	1	1	1	1	1	1	1	8		8	11		8	96340
456484	530716	4.2	17	10	4	7	1	1	1	1	1	1	1	1	8		8	8		13	10000000
1057184	1068146	5.73	6	11	4	5	1	1	1	1	1	1	1	1	8		8	10		8	10000000
2438940	3089333	4.2	17	7	4	4	1	1	1	1	1	1	1	1	8		9	8		8	10000000
3244761	3540907	4.0	8	15	5	5	1	1	1	1	1	1	1	1	8		9	8		9	10000000
517352	518710	4.93	11	15	5	4	1	1	1	1	1	1	1	1	7		7	9		9	10000000
199772	312552	9.13	6	8	5	5	0	1	1	1	1	1	1	1	8		7	8		7	10000000
6012	7724	8.6	5	7	3	4	1	1	1	1	1	1	1	1	7		7	7		7	10000000
335590	371723	9.4	13	7	5	4	1	1	1	1	0	1	1	1	11		10	7		8	10000000
404159	408135	8.2	7	8	4	5	1	1	1	1	0	0	1	1	7		0	8		9	10000000
241371	504953	8.8	15	10	3	5	1	1	1	1	0	0	1	1	8		0	7		7	10000000
783560	1048983	7.6	6	12	4	6	1	0	1	1	1	0	1	1	0		0	8		8	10000000
1262221	1277571	8.13	6	7	6	3	0	0	1	1	0	1	1	1	0		7	8		8	10000000
713341	886504	4.53	7	10	6	5	1	1	1	1	1	1	1	1	7		7	8		7	10000000
1394478	1395136	4.8	4	7	3	7	1	1	1	1	1	1	1	1	9		8	10		7	10000000
850061	866008	3.13	9	7	5	8	1	1	1	1	1	1	1	1	10		9	9		9	10000000
181940	235503	8.87	4	11	4	4	1	0	1	1	0	1	1	1	0		7	9		7	10000000
1357582	1395275	7.6	6	6	5	5	0	1	1	1	0	0	1	1	7		0	8		10	10000000
1645255	2224052	7.93	7	10	5	5	1	0	1	1	1	1	1	1	0		7	9		8	126928
299523	813260	4.07	5	11	4	5	1	1	1	1	1	1	1	1	7		7	8		8	10000000
203630	266992	6.47	10	6	6	4	1	1	1	1	1	0	1	1	7		0	8		9	10000000
28624	137484	8.8	14	13	4	5	1	1	1	1	1	1	1	1	7		7	7		7	10000000
117240	175760	9.0	5	6	4	4	1	0	1	1	1	1	1	1	0		9	9		7	10000000
247418	1171997	5.53	12	5	6	4	1	1	1	1	1	1	1	1	9		8	7		9	450572
509535	1752908	4.8	8	15	3	6	1	1	1	1	1	1	1	1	11		7	8		8	10000000
195844	246421	6.6	10	11	4	5	1	1	1	1	0	1	1	1	9		8	10		7	10000000
617504	1147865	4.4	7	7	4	5	1	1	0	0	1	1	1	1	7		7	0		7	10000000
1274628	1289201	5.87	7	10	4	4	1	1	1	1	1	0	1	1	8		0	8		8	10000000
2208360	2240029	5.87	3	8	3	5	1	1	1	1	1	0	1	1	7		0	8		9	10000000
2616345	2618705	7.0	6	18	5	5	1	1	1	1	1	1	1	1	8		9	8		8	10000000
2754040	3157648	7.13	7	11	5	4	0	1	1	1	0	0	1	1	10		0	9		7	188421
3763050	5001666	7.27	10	6	3	4	1	1	0	0	0	1	1	1	8		8	0		8	13946
20445	36728	6.67	9	5	5	4	1	1	1	1	1	1	1	1	7		8	7		7	10000000
2246697	2709200	8.67	11	5	4	4	1	0	1	1	1	1	1	1	0		7	7		8	154535
3742490	3750041	7.07	5	6	3	3	0	1	0	0	0	1	1	1	8		9	0		7	10000000
20281	61952	5.0	5	7	4	4	1	0	1	1	1	1	1	1	0		8	8		9	10000000
548744	627998	4.93	9	7	4	4	0	1	1	1	1	0	1	1	7		0	7		10	10000000
1231183	1279451	10.53	10	9	4	4	0	1	1	1	1	1	1	1	7		7	9		8	10000000
13278	388449	3.67	8	6	4	4	1	1	1	1	1	1	1	1	8		9	9		9	23140
7408	59295	9.33	5	15	5	6	0	1	1	1	1	1	1	1	10		8	7		8	10000000
1955113	1980287	7.27	6	5	5	3	1	0	1	1	0	1	1	1	0		7	9		9	10000000
3088925	3338833	8.53	8	2	4	4	1	0	1	1	1	1	1	1	0		8	7		8	39484
374969	512423	6.73	4	14	5	6	0	1	1	1	0	1	1	1	7		7	7		8	10000000
2405105	3910937	6.67	2	4	3	4	1	0	1	1	0	1	1	1	0		7	9		8	183629
669198	1624357	8.53	9	4	5	4	1	1	1	1	1	1	1	1	8		7	8		8	29695
3715927	4381922	7.0	5	9	5	7	1	1	1	1	1	1	1	1	7		7	9		8	300580
1410890	1489994	8.93	8	8	6	4	1	1	1	1	1	1	1	1	7		8	7		8	10000000
192082	411828	6.0	4	3	3	4	0	1	1	1	1	0	1	1	7		0	7		7	10000000
2440246	3552205	5.33	7	10	4	3	0	1	1	1	1	1	1	1	7		7	8		8	471512
7659	9502	5.0	9	10	5	4	1	1	1	1	1	0	1	1	8		0	9		9	10000000
353280	367074	4.87	9	8	5	4	1	1	1	1	1	1	1	1	7		8	7		9	10000000
3011935	3030484	4.33	16	11	4	5	1	1	1	1	1	1	1	1	8		7	8		9	10000000
7812297	7880638	3.67	9	8	6	5	1	1	1	1	1	1	1	1	9		7	8		8	18521
9570462	9594608	5.27	7	11	5	4	0	1	1	1	1	1	1	1	7		7	9		7	10000000
300489	423072	6.07	5	9	5	4	0	1	1	1	1	1	1	1	7		9	7		7	43323
1526456	1602166	4.67	9	12	4	5	1	1	1	1	1	1	1	1	8		9	10		10	10000000
84728	1751682	6.2	7	4	5	4	0	1	1	1	1	1	1	1	9		7	7		7	187476
988701	1131306	4.67	9	7	6	4	1	1	1	1	0	1	1	1	8		7	7		8	10000000
1867126	2214642	4.87	11	7	6	5	1	1	1	1	0	0	1	1	7		0	7		7	55670
2144338	2158273	5.07	9	4	4	4	1	1	1	1	1	1	1	1	8		9	8		8	1854
2659300	2810834	5.87	4	8	3	4	1	1	1	1	1	1	1	1	10		7	8		8	10000000
782454	979556	10.47	11	6	4	3	1	1	0	0	0	1	1	1	7		8	0		7	15619
