2735261	2742404	3.73	14	9	5	3	1	1	1	1	1	1	1	1	9		10	12		10	10000000
4722245	5000125	4.0	19	9	9	5	1	1	1	1	1	0	1	1	8		0	9		7	32121
6384472	6731353	4.87	7	8	5	4	1	0	1	1	1	1	1	1	0		7	10		8	10000000
296445	872808	6.33	7	4	4	4	0	1	1	1	0	1	1	1	8		7	9		8	285507
1549588	4386562	6.33	5	7	7	5	0	1	1	1	1	1	1	1	8		8	8		10	228802
744303	854185	6.2	4	8	4	5	1	1	1	1	1	0	1	1	7		0	7		7	10000000
1087794	1261324	6.47	4	3	4	4	0	1	1	1	1	0	1	1	8		0	7		9	11854
2024964	2150045	5.93	5	10	4	4	1	0	0	0	1	1	1	1	0		7	0		8	100
3552274	3965923	6.47	5	8	3	7	1	1	1	1	0	0	1	1	10		0	8		11	61246
4453755	4639096	7.53	7	4	6	7	1	1	1	1	0	0	1	1	8		0	7		9	10000000
2446591	2540635	5.67	9	2	5	3	1	0	1	1	0	1	1	1	0		7	8		8	10000000
2675878	2739938	4.27	2	8	4	4	1	1	1	1	1	0	1	1	7		0	9		9	10000000
3528898	4264757	5.0	5	9	5	5	1	0	1	1	1	1	1	1	0		7	8		8	76910
4444386	4476368	4.87	9	7	4	4	1	1	1	1	1	1	1	1	7		7	7		8	10000000
1281709	1393584	10.07	6	10	4	5	1	1	1	1	1	1	1	1	8		12	8		7	10000000
65058	407163	6.33	5	3	4	6	0	1	1	1	0	1	1	1	7		8	9		8	10000000
884861	890476	5.13	8	6	5	3	1	1	1	1	1	0	1	1	8		0	8		8	10000000
144697	222187	5.13	5	13	3	6	1	1	1	1	0	1	1	1	7		8	9		8	10000000
1266670	1499562	4.8	6	9	6	4	1	1	1	1	0	0	1	1	8		0	7		9	10000000
2444888	2447013	5.8	8	9	4	4	1	1	1	1	0	1	1	1	9		7	7		7	10000000
3303256	3509001	4.0	11	7	4	5	1	1	1	1	1	1	1	1	7		10	7		8	10000000
889325	1066225	5.8	10	6	5	5	1	1	1	1	1	1	1	1	7		7	7		8	10000000
1417404	1433568	7.8	3	4	4	5	0	0	0	0	0	1	1	1	0		7	0		7	10000000
2665694	2772009	6.0	7	6	4	5	1	1	1	1	1	0	1	1	11		0	7		7	16068
3002576	3028655	6.53	7	6	3	3	1	1	1	1	0	1	1	1	7		8	7		8	10000000
1345690	1581913	6.13	7	10	4	4	0	1	1	1	0	1	1	1	7		9	10		9	18369
3289330	3313171	4.73	13	3	5	5	1	1	1	1	1	0	1	1	7		0	10		9	10000000
760855	821132	4.87	15	5	5	7	1	0	1	1	1	1	1	1	0		9	9		7	10000000
4617651	4690738	5.6	15	6	6	4	0	1	1	1	1	1	1	1	10		7	8		8	10000000
4991	213129	5.53	13	11	5	5	1	1	1	1	1	0	1	1	7		0	7		8	10000000
86391	92029	9.13	4	10	4	5	1	1	1	1	1	0	1	1	8		0	8		7	10000000
418022	468561	6.47	6	14	5	5	0	1	1	1	1	0	1	1	8		0	7		7	10000000
631673	669970	4.8	3	10	3	5	1	1	1	1	1	1	1	1	8		7	9		10	10000000
1028069	3761326	8.93	8	5	4	4	1	1	0	0	1	1	1	1	8		7	0		8	187102
1395674	1749157	6.27	8	10	4	5	0	1	1	1	0	0	1	1	8		0	7		9	10000000
4123986	4484507	6.2	5	6	3	4	1	1	1	1	0	0	1	1	8		0	7		9	48017
1937045	2145174	7.53	9	2	3	3	1	0	1	1	1	1	1	1	0		7	9		8	65075
288246	301966	5.27	8	5	4	3	1	1	1	1	1	1	1	1	7		7	10		8	10000000
407162	561861	6.4	8	6	5	5	1	1	1	1	0	1	1	1	8		10	8		8	10000000
2417061	2531633	5.8	7	12	5	5	1	1	1	1	1	1	1	1	7		8	8		9	10000000
5578282	5714925	5.2	6	7	6	5	1	0	1	1	0	0	1	1	0		0	8		9	10000000
350740	358027	7.8	6	9	4	4	1	0	1	1	0	1	1	1	0		13	9		9	10000000
1651437	1676277	4.53	9	2	4	3	1	1	1	1	1	1	1	1	8		7	8		9	10000000
2669084	3186584	4.07	6	4	3	3	1	1	1	1	1	1	1	1	9		8	7		10	10000000
6611077	7908512	6.13	9	7	3	6	0	1	0	0	1	1	1	1	8		7	0		8	10000000
173797	873570	8.8	9	8	4	5	0	1	1	1	0	0	1	1	9		0	9		8	15824
2339394	2340154	8.07	6	6	5	3	1	1	1	1	0	0	1	1	8		0	7		7	10000000
701274	1289691	8.53	0	5	0	4	1	1	1	1	0	1	1	1	7		7	8		9	33595
3491949	3693408	6.87	7	6	4	4	1	1	1	1	0	0	1	1	7		0	7		7	53169
4139832	5215265	8.67	10	7	4	4	1	1	1	1	0	0	1	1	7		0	7		8	124354
70312	234099	4.53	6	8	4	5	1	1	1	1	1	1	1	1	7		7	10		11	10000000
32980	37790	5.8	6	3	4	5	1	0	0	0	1	1	1	1	0		7	0		8	10000000
1305146	2041992	5.13	7	10	7	5	1	0	1	1	1	1	1	1	0		7	7		11	56193
1666170	2185332	5.67	7	9	5	5	1	0	1	1	0	1	1	1	0		7	8		10	199533
279759	1087488	7.93	8	11	3	4	1	1	1	1	1	0	1	1	7		0	9		7	191263
58750	265557	5.47	8	6	6	5	1	1	1	1	1	1	1	1	7		8	8		9	10000000
657492	657901	5.67	5	15	5	6	1	1	1	1	0	0	1	1	7		0	8		8	10000000
2499534	3172568	4.8	8	3	4	3	1	1	1	1	1	1	1	1	7		8	8		9	285284
1492895	2109283	3.4	10	14	5	4	1	1	1	1	1	1	1	1	8		7	9		10	76420
99437	143042	6.73	7	12	5	5	1	1	1	1	1	1	1	1	10		10	8		7	10000000
812786	821278	4.53	8	13	4	5	0	1	1	1	1	1	1	1	9		8	11		8	10000000
58352	508542	4.53	10	19	4	5	1	1	1	1	1	1	1	1	8		9	11		9	34184
1028079	1050872	3.6	12	13	6	5	1	1	1	1	1	1	1	1	8		8	11		7	10000000
1156108	1949050	3.73	8	9	6	5	1	0	1	1	1	0	1	1	0		0	7		10	180115
3789063	3846432	5.67	10	8	5	4	1	1	1	1	1	1	1	1	9		7	7		8	10000000
506592	512312	4.73	19	8	6	5	1	0	1	1	1	0	1	1	0		0	10		8	10000000
186936	1002811	9.67	13	10	7	4	1	1	1	1	1	1	1	1	7		8	8		7	10000000
15036	16772	8.53	5	4	4	3	0	1	1	1	0	0	1	1	7		0	9		9	10000000
508385	663236	8.53	6	9	3	4	1	1	1	1	1	1	1	1	7		7	8		7	10553
434235	444390	9.4	10	13	4	7	1	1	1	1	1	1	1	1	9		9	8		8	10000000
175788	402066	9.07	5	8	3	5	1	1	1	1	0	1	1	1	8		7	8		8	303
469055	998661	9.67	13	11	5	4	1	1	1	1	1	1	1	1	8		12	8		7	10000000
1190464	1344218	8.87	6	3	3	3	0	1	1	1	1	0	1	1	7		0	7		8	10000000
715877	769150	4.67	12	6	5	5	1	1	1	1	1	1	1	1	9		8	8		8	10000000
1208816	1352672	4.73	5	3	4	3	1	1	1	1	1	1	1	1	9		7	10		9	10000000
155538	517983	5.47	7	9	5	5	0	1	1	1	1	1	1	1	7		8	7		8	143122
180250	262667	8.73	9	9	5	5	1	0	1	1	1	1	1	1	0		7	8		8	10000000
1118920	1205507	6.93	8	7	4	4	0	1	1	1	0	0	1	1	8		0	8		8	10000000
1882294	2032096	9.47	6	5	5	4	1	1	1	1	1	0	1	1	7		0	7		8	62996
750148	1346177	3.87	10	11	5	5	1	0	1	1	1	0	1	1	0		0	10		9	167343
123321	352054	6.13	4	8	3	4	1	0	1	1	0	0	1	1	0		0	8		7	7393
268129	559478	9.6	12	7	6	5	1	1	1	1	1	0	1	1	9		0	8		7	21812
21434	28403	8.27	6	16	4	6	0	0	1	1	1	0	1	1	0		0	7		7	10000000
892647	915782	5.67	12	10	5	5	1	1	1	1	1	1	1	1	8		7	7		7	10000000
1947138	1950426	4.4	7	5	4	4	1	1	1	1	1	1	1	1	10		7	7		9	10000000
70871	230841	7.07	7	6	5	4	1	1	1	1	0	0	1	1	7		0	7		7	10000000
787742	799911	7.0	6	5	4	4	0	1	1	1	1	1	1	1	7		7	8		8	10000000
1281240	1324784	6.73	8	11	6	4	1	1	1	1	0	0	1	1	8		0	7		10	10000000
1575825	2319852	5.93	9	8	6	4	1	1	1	1	1	0	1	1	8		0	11		7	18926
2626871	2664658	7.2	8	7	4	4	1	1	1	1	0	1	1	1	7		7	7		7	10000000
3069750	3134455	7.67	4	6	4	5	1	0	1	1	1	0	1	1	0		0	10		9	10000000
5193950	5290286	6.67	8	5	3	4	1	1	1	1	0	1	1	1	8		8	7		9	10000000
208904	218626	7.4	7	18	7	4	1	1	1	1	1	1	1	1	8		7	7		7	10000000
1338335	3623276	7.07	11	8	5	5	1	1	1	1	1	1	1	1	8		7	8		8	547913
3695869	3740965	7.0	5	4	4	5	1	0	0	0	1	1	1	1	0		11	0		8	10000000
119985	132243	4.93	8	7	5	4	1	1	1	1	0	1	1	1	8		8	9		8	10000000
422919	503465	4.4	8	9	5	5	1	1	1	1	1	1	1	1	9		8	9		8	10000000
622083	1282464	10.07	8	12	5	5	1	0	1	1	1	1	1	1	0		7	7		9	10000000
432814	446860	3.8	11	9	5	6	1	1	1	1	1	0	1	1	7		0	8		7	10000000
63223	74805	8.47	12	11	5	4	1	1	1	1	1	1	1	1	11		7	8		8	4466
1727510	2244269	7.53	5	6	4	4	1	1	1	1	1	0	1	1	9		0	7		7	115154
2411499	3424757	10.53	13	2	5	3	1	0	1	1	0	1	0	0	0		7	7		0	62456
335040	517871	6.8	6	3	5	5	1	1	0	0	1	1	1	1	21		9	0		11	10000000
994213	1373139	5.67	7	4	4	4	1	1	1	1	1	0	1	1	12		0	7		8	167379
1908338	1916071	9.13	8	5	4	5	1	0	1	1	1	1	1	1	0		7	7		7	10000000
3728018	3832123	7.67	12	11	6	5	1	1	1	1	1	1	0	0	12		7	7		0	10000000
785170	1248149	9.0	5	9	3	4	0	1	1	1	1	1	1	1	8		9	9		10	10000000
390457	415905	6.73	6	7	4	5	1	1	1	1	0	1	1	1	7		9	8		8	1243
3764443	4116235	6.87	7	10	6	7	1	1	1	1	1	1	1	1	7		7	7		7	2135
857	7580	5.13	11	8	4	5	0	1	1	1	1	0	1	1	9		0	8		7	10000000
32156	350692	3.2	9	10	4	5	1	1	1	1	1	1	1	1	7		8	8		14	10000000
4704446	5236591	3.67	9	14	4	4	1	1	1	1	1	1	1	1	9		8	10		8	43615
6007048	6438898	3.33	13	11	5	4	1	1	1	1	1	0	1	1	7		0	8		8	109590
9017788	9442895	4.27	5	10	4	4	1	1	1	1	1	1	1	1	9		7	8		9	10000000
74571	197076	5.73	10	7	5	3	1	1	1	1	0	1	1	1	9		7	7		7	10000000
961421	1254550	4.73	7	9	3	6	1	1	1	1	1	0	1	1	7		0	7		8	52231
1535724	3059476	4.93	4	13	3	6	0	0	1	1	1	1	1	1	0		10	7		9	27565
958131	1238302	5.13	4	4	4	4	1	1	1	1	1	0	1	1	7		0	7		8	42732
1897116	2228042	6.33	7	7	3	5	0	1	1	1	0	1	1	1	7		8	9		7	25680
1548279	1869995	4.47	12	6	4	4	1	1	1	1	0	1	1	1	7		14	8		8	46430
2628861	2871087	5.73	7	7	9	3	0	1	1	1	0	1	1	1	7		7	8		7	10000000
1014514	1021284	6.93	2	6	4	4	1	1	1	1	1	1	1	1	7		7	7		9	10000000
