4382684	4393910	3.93	16	5	4	4	1	1	1	1	1	1	1	1	7	8	57	14	1910
5038512	5055666	5.27	8	7	5	3	1	0	1	1	0	1	1	1	0	7	89	15	246
7565958	7719700	4.8	10	2	5	4	1	1	1	1	1	1	1	1	7	7	44	9	172
1288282	1338761	6.8	2	8	3	4	1	0	1	1	0	1	1	1	0	7	47	10	92
4502771	4558811	6.87	11	9	5	5	0	1	1	1	1	1	1	1	8	9	43	8	293
856585	944389	9.2	11	5	5	5	1	0	1	1	1	1	1	1	0	8	17	7	273
1576842	1604711	8.07	11	2	5	4	0	1	1	1	1	1	1	1	7	8	15	8	236
3140224	3226574	7.53	8	11	4	6	0	0	1	1	1	1	1	1	0	7	14	8	174
4143959	4156994	9.07	3	4	4	4	1	0	1	1	1	1	1	1	0	7	20	7	161
4735703	4784887	7.27	7	7	5	5	0	1	1	1	1	0	1	1	7	0	47	11	273
2586007	2626079	7.13	8	3	5	3	1	1	1	1	1	1	1	1	7	7	55	7	260
2817001	2848874	7.33	5	5	5	4	1	1	1	1	1	0	1	1	7	0	47	8	231
4371628	4427589	6.93	8	4	4	3	0	1	1	1	1	1	1	1	8	9	67	9	175
4484745	4501402	7.53	8	7	6	5	0	1	1	1	1	1	1	1	7	8	32	8	4753
1519667	1558155	10.13	11	4	4	3	1	1	1	1	1	1	1	1	8	7	16	7	298
430677	460982	6.2	6	5	4	5	1	0	1	1	1	1	1	1	0	7	47	7	3154
926788	948268	6.93	7	9	5	4	0	0	1	1	1	1	1	1	0	9	15	9	157
465184	478042	4.8	5	6	4	4	1	1	1	1	1	1	0	0	7	7	13	0	236
1865175	1917561	6.0	6	8	4	4	0	1	1	1	1	0	1	1	7	0	18	8	245
2465781	2497236	7.0	7	5	5	5	0	0	1	1	1	1	1	1	0	8	17	8	597
3523035	3560419	6.8	7	3	4	5	1	1	1	1	1	1	1	1	7	9	45	9	221
1400057	1413641	7.93	8	9	4	5	1	1	1	1	1	0	1	1	7	0	52	7	125
2044815	2066539	8.33	7	6	4	5	0	1	1	1	1	1	1	1	9	8	31	8	142
2950033	2957725	8.67	10	10	4	4	1	0	1	1	0	1	1	1	0	8	17	9	208
3052464	3099252	7.13	5	9	5	5	0	0	1	1	1	0	1	1	0	0	17	8	273
1604319	1724175	8.07	8	10	5	5	0	1	1	1	1	1	1	1	10	9	52	10	3645
3348041	3407455	6.6	9	8	4	3	0	1	1	1	1	1	1	1	8	7	71	7	174
3348041	3420762	6.6	9	12	4	4	0	1	1	1	1	0	1	1	8	0	40	7	174
5506840	5521162	6.8	7	7	5	4	1	1	1	1	1	0	1	1	9	0	30	11	2782
383084	440150	6.67	5	3	4	5	1	0	1	1	1	1	1	1	0	7	50	7	241
97325	259684	6.6	9	12	4	5	1	1	1	1	1	1	1	1	8	8	28	13	26734
558712	599344	9.0	11	4	4	4	1	1	1	1	1	1	1	1	8	8	18	9	114
785311	797794	7.07	6	11	4	4	1	1	1	1	1	1	1	1	8	9	27	9	1018
4012796	4035261	8.4	10	11	4	4	0	1	1	1	1	1	1	1	11	7	45	8	319
3053654	3060017	7.93	5	12	5	5	0	1	1	1	0	1	1	1	8	8	17	9	208
4529972	4543148	8.0	8	12	4	5	0	1	1	1	1	1	1	1	8	8	17	8	235
2204512	2218627	9.0	6	6	3	4	1	0	1	1	1	1	1	1	0	7	15	9	285
314017	324058	6.87	3	7	3	5	1	1	1	1	1	1	1	1	7	8	45	10	140
575099	586084	6.6	5	3	5	4	0	1	1	1	1	1	1	1	7	7	46	11	63
4445038	4458708	8.27	8	11	3	5	1	0	1	1	1	1	1	1	0	9	64	9	134
6074544	6082746	7.2	9	10	5	3	1	1	1	1	1	1	1	1	9	8	21	9	283
380763	403844	8.4	6	4	4	3	0	1	1	1	1	1	1	1	7	7	51	10	291
1702873	1833703	6.6	16	8	5	5	1	1	1	1	1	1	1	1	8	8	51	7	38935
5547250	5565170	5.73	5	5	3	5	1	1	1	1	1	1	1	1	7	8	47	8	87
8790968	8887625	7.0	3	2	4	7	1	0	1	1	0	1	1	1	0	8	54	8	1859
1923226	2006349	9.87	9	11	5	5	0	1	1	1	1	1	0	0	8	7	22	0	38111
2436941	2462399	9.2	11	12	4	5	1	1	1	1	1	1	1	1	7	7	18	11	199
2857505	2917819	8.73	7	10	5	5	1	1	1	1	1	0	1	1	7	0	18	8	19165
3757436	3768356	8.53	10	13	4	4	1	0	1	1	1	1	1	1	0	7	46	7	3059
5222604	5248578	8.8	12	9	4	5	1	1	1	1	1	1	1	1	10	7	15	12	243
518331	536003	5.4	5	11	5	4	1	1	1	1	1	1	1	1	7	8	26	8	168
49426	81324	7.13	5	3	4	4	0	1	1	1	1	0	1	1	7	0	50	8	280
2316312	2337416	8.27	6	1	8	3	0	1	1	1	0	1	1	1	10	7	23	9	82
2316312	2393717	8.27	6	5	8	6	0	1	1	1	0	1	1	1	7	9	24	9	19682
1164699	1202691	10.13	14	5	4	7	1	1	1	1	1	0	1	1	7	0	17	10	280
540746	561484	6.67	7	8	5	4	0	1	1	1	1	1	1	1	8	7	16	8	169
658643	677293	6.87	5	8	4	6	0	0	1	1	1	1	1	1	0	8	31	8	4984
3358391	3438685	7.33	9	8	5	4	1	1	1	1	0	1	1	1	7	9	15	9	168
3816152	3826007	5.6	13	11	6	5	1	0	1	1	1	1	1	1	0	7	19	8	153
145379	181740	6.8	7	9	7	4	0	1	1	1	0	1	1	1	8	8	46	8	11
850820	898688	6.6	5	7	3	4	1	1	1	1	1	1	1	1	7	9	20	8	265
858917	898688	6.33	5	7	4	4	1	1	1	1	1	1	1	1	7	9	20	9	265
1100632	1112378	7.0	8	11	4	4	1	0	1	1	1	1	1	1	0	7	36	7	266
3097245	3107128	5.2	9	5	4	5	1	1	1	1	1	1	1	1	8	8	14	8	157
3872811	3888250	6.53	11	6	4	4	0	0	1	1	1	0	1	1	0	0	45	7	272
518898	538118	5.93	7	9	4	6	1	1	1	1	1	1	1	1	9	7	21	8	244
1270430	1372180	8.8	12	9	4	4	1	1	1	1	1	1	1	1	7	7	40	9	45
19474	28075	9.27	11	14	5	5	1	1	1	1	1	1	1	1	7	7	27	9	912
743116	750495	8.33	3	11	3	4	1	1	1	1	1	1	1	1	11	7	18	8	167
447083	484077	8.4	10	14	5	5	1	1	1	1	1	1	1	1	7	7	31	8	153
1067075	1167329	9.13	7	11	8	5	1	1	1	1	1	1	1	1	7	9	56	9	212
1067075	1181742	9.13	7	7	8	6	1	1	1	1	1	0	1	1	7	0	18	10	220
1355533	1401087	9.13	8	8	4	4	1	1	1	1	1	1	1	1	7	7	49	10	1314
972793	989292	5.53	10	10	5	6	0	0	1	1	1	1	1	1	0	7	18	7	136
1399205	1413360	5.87	7	8	6	4	1	1	1	1	1	1	1	1	7	7	16	7	227
873357	923940	5.47	5	10	5	5	1	1	1	1	0	1	1	1	7	8	46	8	139
283463	307814	9.6	12	12	6	5	0	0	1	1	1	1	1	1	0	8	42	9	105
1584834	1627597	7.87	8	11	4	7	0	1	1	1	1	1	1	1	7	8	27	8	357
2306690	2330116	9.33	12	11	7	5	1	0	1	1	1	0	1	1	0	0	31	7	556
1465515	1469377	4.8	10	12	7	8	1	1	1	1	1	1	1	1	7	9	71	10	220
501060	589724	9.07	5	7	3	4	1	1	1	1	1	1	1	1	11	7	15	8	199
777676	826052	11.47	8	7	7	4	1	1	1	1	1	1	1	1	7	7	19	10	89
179498	189491	6.73	12	14	4	4	1	1	1	1	1	0	1	1	7	0	28	7	1848
1392146	1433998	6.73	4	2	4	3	0	0	1	1	1	1	1	1	0	7	15	7	156
2041775	2103012	5.47	11	5	4	4	1	1	1	1	1	1	1	1	8	8	20	10	67
299982	310643	7.87	6	8	4	4	1	1	1	1	1	1	1	1	7	8	47	7	90
1161096	1210833	8.47	7	6	4	4	1	0	1	1	1	0	1	1	0	0	60	8	201
1370456	1456792	8.33	14	9	6	4	0	0	1	1	1	1	1	1	0	7	14	8	174
2592967	2614173	8.27	10	4	6	6	1	0	1	1	1	1	1	1	0	8	63	8	161
2668007	2712125	8.6	8	6	4	5	0	1	1	1	1	1	1	1	9	8	31	8	142
3192908	3201533	7.27	2	11	4	5	1	1	1	1	1	1	1	1	7	8	16	8	236
5346999	5357319	7.4	4	12	4	7	0	0	1	1	1	1	1	1	0	7	26	9	175
225283	230999	9.33	12	5	4	3	1	0	1	1	1	1	1	1	0	8	20	9	159
3681824	3685820	8.53	6	12	5	4	0	0	1	1	1	1	1	1	0	8	23	14	188
3761922	3828088	7.93	8	6	5	4	0	0	1	1	1	1	1	1	0	7	49	9	332
137169	158407	7.47	9	8	5	4	0	1	1	1	1	1	1	1	7	8	16	8	169
629939	752976	6.33	10	9	4	4	1	1	1	1	1	1	1	1	8	7	23	9	53
1301397	1318842	6.8	6	12	5	5	0	1	1	1	1	0	1	1	7	0	37	9	173
473055	499174	6.47	13	9	4	4	1	1	1	1	1	1	1	1	7	7	14	7	1897
93787	99908	6.67	9	13	4	4	1	0	1	1	1	1	1	1	0	7	85	11	170
2277355	2343162	8.4	7	7	5	3	0	1	1	1	1	0	1	1	9	0	17	7	237
3445924	3528707	7.13	5	8	5	5	0	1	1	1	1	1	1	1	9	8	11	8	273
532503	565914	7.13	5	7	4	6	1	1	1	1	1	1	1	1	7	8	47	8	1570
4770284	4802186	8.2	10	7	5	5	0	0	1	1	1	1	1	1	0	8	17	11	273
2014737	2077514	8.33	7	5	5	6	0	1	1	1	1	0	1	1	9	0	17	7	237
4429779	4478053	7.67	6	8	4	5	1	1	1	1	1	1	1	1	7	8	49	8	287
1498816	1513296	9.67	15	10	7	3	0	0	1	1	1	1	1	1	0	7	14	9	223
416311	525373	7.67	10	9	5	4	1	1	1	1	0	1	1	1	7	8	50	11	359
4311610	4324537	8.6	12	8	6	4	1	0	1	1	1	1	1	1	0	8	23	8	117
11993	25901	5.27	7	2	4	3	1	0	1	1	1	0	1	1	0	0	38	9	2738
367511	390873	4.73	10	10	4	4	1	0	1	1	1	1	1	1	0	7	47	7	163
5592527	5604022	5.0	4	6	5	4	1	0	1	1	1	0	1	1	0	0	51	13	2121
8581848	8622841	5.07	10	11	5	6	1	0	1	1	1	0	1	1	0	0	15	9	203
9609988	9634307	5.53	7	4	5	3	1	1	1	1	1	1	1	1	8	7	68	10	4209
752544	791151	6.6	5	3	4	5	0	0	1	1	1	1	1	1	0	7	18	7	120
1667269	1711631	7.13	6	9	5	4	1	0	1	1	1	1	1	1	0	7	51	7	119
4021536	4040719	5.87	8	6	4	4	1	0	1	1	1	1	1	1	0	7	50	8	213
1770704	1822920	6.93	4	8	5	4	0	1	1	1	1	1	1	1	8	9	51	7	192
2250553	2294057	5.73	6	6	5	5	1	1	1	1	1	0	1	1	7	0	20	11	364
2250660	2294057	6.33	4	6	5	5	1	1	1	1	1	0	1	1	7	0	49	11	364
2936186	2977734	6.8	7	5	5	3	1	0	1	1	1	1	1	1	0	8	45	8	286
1025874	1224829	6.2	9	12	4	6	0	1	1	1	0	1	1	1	7	7	19	8	213
