7565958	7719700	4.8	10	2	5	4	3	2	46	43	2	1	5	5	9	7	7	7	44	44	9	9	172
5038512	5055666	5.27	8	7	5	3	5	0	90	86	0	1	12	11	8	0	0	7	88	89	15	15	246
4382684	4393910	3.93	16	5	4	4	5	1	71	70	5	5	15	15	9	7	7	8	57	57	14	14	1910
4502771	4558811	6.87	11	9	5	5	0	2	41	43	2	4	6	6	0	8	8	9	43	43	8	8	293
1288282	1338761	6.8	2	8	3	4	2	0	41	41	0	1	4	4	7	0	0	7	47	47	10	10	92
4735703	4784887	7.27	7	7	5	5	0	1	52	54	4	0	13	13	0	7	8	0	46	47	11	11	273
3140224	3226574	7.53	8	11	4	6	0	0	17	17	1	1	6	6	0	0	7	7	14	14	8	8	174
856585	944389	9.2	11	5	5	5	1	0	20	19	2	3	1	1	7	0	8	8	17	17	7	7	273
4143959	4156994	9.07	3	4	4	4	1	0	23	23	1	1	2	2	7	0	7	7	20	20	7	7	161
1576842	1604711	8.07	11	2	5	4	0	1	15	15	1	3	8	8	0	7	7	8	15	15	8	8	236
4371628	4427589	6.93	8	4	4	3	0	4	63	65	4	3	6	6	0	8	9	9	67	67	9	9	175
4484745	4501402	7.53	8	7	6	5	0	1	26	26	6	4	13	13	0	7	10	8	32	32	8	8	4753
2817001	2848874	7.33	5	5	5	4	1	2	42	42	1	0	4	4	7	7	7	0	47	47	8	8	231
2586007	2626079	7.13	8	3	5	3	1	1	93	93	1	1	4	4	7	7	7	7	55	55	7	7	260
1519667	1558155	10.13	11	4	4	3	4	2	16	16	8	1	3	3	8	8	10	7	16	16	7	7	298
430677	460982	6.2	6	5	4	5	1	0	43	42	5	2	2	2	7	0	8	7	47	47	7	7	3154
926788	948268	6.93	7	9	5	4	0	0	11	11	1	3	6	6	0	0	7	9	15	15	9	9	157
465184	478042	4.8	5	6	4	4	3	1	16	16	6	1	0	0	7	7	9	7	13	13	0	0	236
1865175	1917561	6.0	6	8	4	4	0	1	15	15	3	0	5	5	0	7	8	0	18	18	8	8	245
2465781	2497236	7.0	7	5	5	5	0	0	12	12	5	5	8	8	0	0	11	8	17	17	8	8	597
3523035	3560419	6.8	7	3	4	5	4	1	41	41	5	3	5	5	9	7	10	9	45	45	9	9	221
1400057	1413641	7.93	8	9	4	5	1	2	47	47	8	0	1	1	7	7	12	0	52	52	7	7	125
3052464	3099252	7.13	5	9	5	5	0	0	16	16	2	0	5	5	0	0	8	0	17	17	8	8	273
2950033	2957725	8.67	10	10	4	4	3	0	12	12	0	3	6	6	8	0	0	8	17	17	9	9	208
2044815	2066539	8.33	7	6	4	5	0	4	45	45	1	2	5	5	0	9	7	8	31	31	8	8	142
3348041	3407455	6.6	9	8	4	3	0	2	66	66	1	1	2	2	0	8	7	7	71	71	7	7	174
3348041	3420762	6.6	9	12	4	4	0	2	47	45	1	0	4	4	0	8	7	0	40	40	7	7	174
5506840	5521162	6.8	7	7	5	4	5	6	44	42	4	0	13	13	7	9	8	0	30	30	11	11	2782
1604319	1724175	8.07	8	10	5	5	0	6	47	51	2	3	8	11	0	10	7	9	52	52	10	10	3645
383084	440150	6.67	5	3	4	5	13	0	72	66	1	1	3	3	19	0	7	7	50	50	7	7	241
97325	259684	6.6	9	12	4	5	2	6	53	53	1	5	8	11	7	8	7	8	28	28	13	13	26734
558712	599344	9.0	11	4	4	4	2	2	24	24	10	3	10	10	8	8	9	8	18	18	9	9	114
785311	797794	7.07	6	11	4	4	1	2	31	34	7	5	13	14	7	8	10	9	27	27	9	9	1018
4012796	4035261	8.4	10	11	4	4	0	9	44	46	5	1	4	4	0	11	9	7	45	45	8	8	319
3053654	3060017	7.93	5	12	5	5	0	2	14	14	0	3	6	6	0	8	0	8	17	17	9	9	208
4529972	4543148	8.0	8	12	4	5	0	3	12	12	1	3	4	4	0	8	7	8	17	17	8	8	235
2204512	2218627	9.0	6	6	3	4	1	0	10	10	5	1	8	8	7	0	10	7	15	15	9	9	285
6074544	6082746	7.2	9	10	5	3	5	4	46	49	5	2	5	6	9	9	8	8	21	21	9	9	283
4445038	4458708	8.27	8	11	3	5	8	0	59	58	3	6	15	15	10	0	8	9	64	64	9	9	134
314017	324058	6.87	3	7	3	5	1	3	40	41	1	3	10	10	7	7	7	8	45	45	10	10	140
575099	586084	6.6	5	3	5	4	0	3	48	51	6	1	11	13	0	7	11	7	46	46	11	11	63
380763	403844	8.4	6	4	4	3	0	1	53	52	4	1	10	10	0	7	10	7	51	51	10	10	291
8790968	8887625	7.0	3	2	4	7	2	0	52	50	0	2	4	4	8	0	0	8	54	54	8	8	1859
5547250	5565170	5.73	5	5	3	5	1	1	43	43	1	6	7	8	7	7	7	8	47	47	8	8	87
1702873	1833703	6.6	16	8	5	5	3	2	51	47	2	4	2	2	7	8	7	8	51	51	7	7	38935
2436941	2462399	9.2	11	12	4	5	1	2	21	22	23	1	10	10	7	7	27	7	18	18	11	11	199
1923226	2006349	9.87	9	11	5	5	0	3	25	27	3	2	0	0	0	8	7	7	22	22	0	0	38111
2857505	2917819	8.73	7	10	5	5	1	3	16	16	1	0	4	4	7	7	7	0	18	18	8	8	19165
3757436	3768356	8.53	10	13	4	4	1	0	41	42	2	2	4	4	7	0	7	7	46	46	7	7	3059
5222604	5248578	8.8	12	9	4	5	1	6	25	28	4	4	14	15	7	10	8	7	15	15	12	12	243
518331	536003	5.4	5	11	5	4	2	1	51	52	3	3	8	8	7	7	8	8	26	26	8	8	168
49426	81324	7.13	5	3	4	4	0	1	50	51	4	0	4	4	0	7	9	0	50	50	8	8	280
2316312	2337416	8.27	6	1	8	3	0	4	19	19	0	2	10	10	0	10	0	7	23	23	9	9	82
2316312	2393717	8.27	6	5	8	6	0	1	22	22	0	5	5	5	0	7	0	9	24	24	9	9	19682
1164699	1202691	10.13	14	5	4	7	1	3	39	40	5	0	18	16	7	7	10	0	17	17	10	10	280
3358391	3438685	7.33	9	8	5	4	1	1	11	11	0	3	6	6	7	7	0	9	15	15	9	9	168
540746	561484	6.67	7	8	5	4	0	4	10	10	1	2	6	7	0	8	7	7	16	16	8	8	169
658643	677293	6.87	5	8	4	6	0	0	30	29	2	5	3	3	0	0	7	8	31	31	8	8	4984
3816152	3826007	5.6	13	11	6	5	3	0	15	15	7	1	5	5	7	0	11	7	19	19	8	8	153
3097245	3107128	5.2	9	5	4	5	2	4	8	8	4	2	5	5	8	8	9	8	14	14	8	8	157
518898	538118	5.93	7	9	4	6	1	3	22	22	4	1	10	10	7	9	8	7	21	21	8	8	244
145379	181740	6.8	7	9	7	4	0	4	44	45	0	6	5	5	0	8	0	8	46	46	8	8	11
1100632	1112378	7.0	8	11	4	4	2	0	47	44	7	1	2	2	8	0	10	7	36	36	7	7	266
3872811	3888250	6.53	11	6	4	4	0	0	44	44	9	0	3	3	0	0	12	0	45	45	7	7	272
850820	898688	6.6	5	7	3	4	4	1	19	20	11	6	5	5	8	7	13	9	20	20	8	8	265
858917	898688	6.33	5	7	4	4	4	1	17	18	10	6	7	7	10	7	12	9	20	20	9	9	265
1270430	1372180	8.8	12	9	4	4	5	1	60	57	4	2	9	8	9	7	8	7	39	40	9	9	45
19474	28075	9.27	11	14	5	5	1	1	36	36	4	2	12	12	7	7	8	7	27	27	9	9	912
743116	750495	8.33	3	11	3	4	2	7	16	16	2	3	6	6	8	11	7	7	18	18	8	8	167
447083	484077	8.4	10	14	5	5	1	2	38	38	7	3	5	6	7	7	13	7	31	31	8	8	153
1067075	1167329	9.13	7	11	8	5	5	1	53	55	1	4	10	10	10	7	7	9	56	56	9	9	212
1067075	1181742	9.13	7	7	8	6	5	1	29	29	1	0	6	6	10	7	7	0	18	18	10	10	220
1355533	1401087	9.13	8	8	4	4	5	1	44	43	9	2	12	12	10	7	11	7	49	49	10	10	1314
972793	989292	5.53	10	10	5	6	0	0	13	13	3	1	4	4	0	0	7	7	18	18	7	7	136
1399205	1413360	5.87	7	8	6	4	2	1	10	10	1	1	3	2	7	7	7	7	16	16	7	7	227
873357	923940	5.47	5	10	5	5	1	1	41	41	0	3	6	6	7	7	0	8	46	46	8	8	139
283463	307814	9.6	12	12	6	5	0	0	50	50	4	2	11	11	0	0	8	8	42	42	9	9	105
1584834	1627597	7.87	8	11	4	7	0	4	24	24	2	2	3	3	0	7	7	8	27	27	8	8	357
2306690	2330116	9.33	12	11	7	5	6	0	31	31	15	0	1	1	8	0	17	0	31	31	7	7	556
1465515	1469377	4.8	10	12	7	8	4	2	69	68	5	5	10	10	7	7	9	9	71	71	10	10	220
501060	589724	9.07	5	7	3	4	1	7	14	14	2	1	4	4	7	11	7	7	15	15	8	8	199
777676	826052	11.47	8	7	7	4	15	1	23	24	9	2	21	18	13	7	11	7	19	19	10	10	89
179498	189491	6.73	12	14	4	4	3	2	56	53	1	0	1	1	7	7	7	0	28	28	7	7	1848
1392146	1433998	6.73	4	2	4	3	0	0	12	12	2	1	4	4	0	0	7	7	15	15	7	7	156
2041775	2103012	5.47	11	5	4	4	2	3	15	15	3	3	6	6	7	8	9	8	20	20	10	10	67
5346999	5357319	7.4	4	12	4	7	0	0	21	21	3	1	8	9	0	0	9	7	26	26	9	9	175
299982	310643	7.87	6	8	4	4	2	1	41	42	1	2	3	3	8	7	7	8	47	47	7	7	90
3192908	3201533	7.27	2	11	4	5	1	1	16	16	3	2	5	5	7	7	8	8	16	16	8	8	236
1161096	1210833	8.47	7	6	4	4	2	0	62	62	5	0	6	6	8	0	11	0	60	60	8	8	201
2668007	2712125	8.6	8	6	4	5	0	4	44	44	1	2	2	2	0	9	7	8	31	31	8	8	142
1370456	1456792	8.33	14	9	6	4	0	0	10	10	1	1	7	7	0	0	7	7	14	14	8	8	174
2592967	2614173	8.27	10	4	6	6	5	0	61	59	3	2	3	3	10	0	8	8	63	63	8	8	161
225283	230999	9.33	12	5	4	3	1	0	30	30	4	2	10	10	7	0	9	8	20	20	9	9	159
3761922	3828088	7.93	8	6	5	4	0	0	46	46	5	2	7	7	0	0	9	7	49	49	9	9	332
3681824	3685820	8.53	6	12	5	4	0	0	17	17	2	3	13	13	0	0	8	8	23	23	14	14	188
629939	752976	6.33	10	9	4	4	1	4	30	30	1	1	4	4	7	8	7	7	23	23	9	9	53
137169	158407	7.47	9	8	5	4	0	2	12	12	1	3	6	6	0	7	7	8	16	16	8	8	169
1301397	1318842	6.8	6	12	5	5	0	2	53	55	4	0	4	4	0	7	9	0	37	37	9	9	173
473055	499174	6.47	13	9	4	4	1	1	18	18	1	2	4	4	7	7	7	7	14	14	7	7	1897
93787	99908	6.67	9	13	4	4	2	0	81	80	2	4	9	10	7	0	7	7	84	85	11	11	170
3445924	3528707	7.13	5	8	5	5	0	6	10	10	2	4	4	4	0	9	8	8	11	11	8	8	273
2277355	2343162	8.4	7	7	5	3	0	3	15	15	1	0	3	3	0	9	7	0	17	17	7	7	237
532503	565914	7.13	5	7	4	6	1	1	46	46	3	2	9	9	7	7	8	8	47	47	8	8	1570
4770284	4802186	8.2	10	7	5	5	0	0	31	31	6	3	8	8	0	0	12	8	17	17	11	11	273
2014737	2077514	8.33	7	5	5	6	0	6	13	13	2	0	1	1	0	9	7	0	17	17	7	7	237
4429779	4478053	7.67	6	8	4	5	1	1	43	43	8	3	5	5	7	7	12	8	49	49	8	8	287
1498816	1513296	9.67	15	10	7	3	0	0	13	13	5	2	6	8	0	0	8	7	14	14	9	9	223
4311610	4324537	8.6	12	8	6	4	2	0	19	19	8	3	4	4	8	0	11	8	23	23	8	8	117
416311	525373	7.67	10	9	5	4	2	2	47	48	0	3	12	11	7	7	0	8	50	50	11	11	359
9609988	9634307	5.53	7	4	5	3	6	3	68	64	5	1	9	9	10	8	10	7	68	68	10	10	4209
5592527	5604022	5.0	4	6	5	4	5	0	75	73	2	0	10	9	8	0	7	0	51	51	13	13	2121
8581848	8622841	5.07	10	11	5	6	2	0	22	22	3	0	12	14	7	0	7	0	15	15	9	9	203
367511	390873	4.73	10	10	4	4	7	0	51	46	1	2	4	4	9	0	7	7	47	47	7	7	163
11993	25901	5.27	7	2	4	3	1	0	66	67	1	0	6	6	7	0	7	0	38	38	9	9	2738
752544	791151	6.6	5	3	4	5	0	0	14	14	2	1	2	2	0	0	7	7	18	18	7	7	120
1667269	1711631	7.13	6	9	5	4	4	0	48	46	1	2	3	3	8	0	7	7	51	51	7	7	119
4021536	4040719	5.87	8	6	4	4	1	0	47	47	2	1	5	5	7	0	7	7	50	50	8	8	213
1770704	1822920	6.93	4	8	5	4	0	3	47	48	3	4	4	4	0	8	7	9	51	51	7	7	192
2250660	2294057	6.33	4	6	5	5	23	1	65	47	3	0	7	7	20	7	8	0	49	49	11	11	364
2250553	2294057	5.73	6	6	5	5	8	1	28	22	3	0	6	6	11	7	8	0	20	20	11	11	364
2936186	2977734	6.8	7	5	5	3	2	0	41	41	11	4	5	5	7	0	16	8	45	45	8	8	286
1025874	1224829	6.2	9	12	4	6	0	1	18	19	0	1	5	5	0	7	0	7	19	19	8	8	213
